2089	3193
2089	3194
2089	3195
2089	3196
2089	3197
2078	3198
2078	3199
2051	3200
2051	3201
2051	3202
2051	3203
2051	3204
2081	3205
1953	3206
1953	3207
1953	3208
1953	3209
1953	3210
1953	3211
1953	3212
1953	3213
1953	3214
1953	3215
1953	3216
1953	3217
1953	3218
1953	3219
1953	3220
1953	3221
1953	3222
1953	3223
1953	3224
1953	3225
1953	3226
1953	3227
1953	3228
1953	726
1953	3229
1953	3230
1953	3231
1953	3232
1953	3233
1953	3234
1953	3235
1953	3236
1953	3237
1953	3238
1953	3239
1953	3240
1953	3241
1953	3242
1953	3243
1953	3244
1953	3245
1953	3246
1953	3247
1953	3248
1953	3249
1953	3250
1953	3251
1953	3252
1953	3253
1953	3254
1953	3255
1953	3256
1953	3257
1953	3258
1953	1004
1953	3259
1953	3260
1953	3261
1953	3262
1953	3263
1953	1576
1953	3264
1953	3265
1953	3266
1953	3267
1953	3268
1953	3269
1953	3270
1953	3271
1953	3272
1953	3273
1953	3274
1953	3275
1953	3276
1953	3277
1953	3278
1953	3279
1953	3280
1953	3281
1953	3282
1953	3283
1953	3284
1953	3285
1953	3286
1953	3287
1953	3288
1953	3289
1953	3290
1953	3291
1953	3292
1953	3293
1953	3294
1953	3295
1953	3296
1953	3297
1953	3298
1953	3299
1953	3300
1953	3301
1953	3302
1953	3303
1953	3304
1953	3305
1953	3306
1953	3307
1953	3308
1953	3309
1953	3310
1953	3311
1953	3312
1953	3313
1953	3314
1953	3315
1953	3316
1953	3317
1953	3318
1953	2743
1953	3319
1953	3320
1953	3321
1953	3322
1953	3323
1953	3324
1953	3325
1953	3326
1953	3327
1953	3328
1953	3329
1953	3330
1953	3331
1953	3332
1953	3333
1953	3334
1953	3335
1953	3336
1953	3337
1953	3338
1953	3339
1953	3340
1953	3341
1953	3342
1953	3343
1953	3344
1953	3345
1953	3346
1953	3347
1953	3348
1953	3349
1953	3350
1953	3351
1953	3352
1953	3353
1953	3354
1953	3355
1953	3356
1953	3357
1953	3358
1953	3359
1953	3360
1953	3361
1953	3362
1953	3363
1953	3364
1953	3365
1953	3366
1953	3367
1953	3368
1953	3369
1953	3370
1953	3371
1953	3372
1953	3373
1953	3374
1953	3375
1953	3376
1953	3377
1953	3378
1953	3379
1953	3380
1953	3381
1953	3382
1953	3383
1953	3384
1953	3385
1953	3386
1953	3387
1953	3388
1953	3389
1953	3390
1953	3391
1953	3392
1953	3393
1953	3394
1953	3395
1953	3396
1953	3397
1953	3398
1953	3399
1953	3400
1953	3401
1953	3402
1953	3403
1953	3404
1953	3405
1953	3406
2037	3407
2037	3408
2037	3409
2037	3410
2071	3411
2071	3412
2071	3413
2007	3414
2007	3415
2007	3416
2007	3417
2007	3418
2007	3419
2007	3420
2007	3421
2007	3422
2007	3423
2007	3424
2007	3425
2007	3426
2007	3427
2007	3428
2007	3429
2007	3430
2007	3431
2007	3432
2007	3433
2007	3434
1952	3435
1952	3436
1952	3437
1952	3438
1952	3439
1952	3440
1952	3441
1952	3442
1952	3443
1952	3444
1952	3445
1952	3446
1952	3447
1952	3448
1952	3449
1952	3450
1952	3451
1952	3348
1952	3304
1952	3452
1952	3453
1952	3454
1952	3455
1952	3456
1952	3457
1952	3458
1952	3459
1952	3460
1952	3461
1952	3462
1952	3463
1952	3464
1952	3465
1952	3466
1952	3467
1952	3468
1952	3276
1952	3469
1952	3470
1952	3471
1952	3472
1952	3473
1952	3347
1952	3474
1952	3475
1952	3476
1952	3477
1952	3478
1952	3479
1952	3480
1952	3481
1952	3482
1952	3483
1952	3484
1952	3485
1952	3486
1952	3487
1952	3488
1952	2803
1952	3489
1952	3490
1952	3491
1952	3492
1952	3493
1952	3494
1952	3313
1952	3495
1952	3496
1952	3497
1952	3498
1952	3499
1952	3500
1952	3501
1952	3502
1952	3503
1952	3504
1952	3505
1952	3506
1952	3507
1952	3508
1952	3509
1952	3510
1952	3511
1952	3512
1952	3513
1952	3514
1952	3515
1952	3516
1952	3517
1952	3518
1952	3519
1952	3520
1952	3521
1952	3522
1952	3523
1952	3524
1952	3525
1952	3526
1952	3527
1952	3528
1952	3529
1952	3329
1952	3530
1952	3531
1952	3532
1952	3533
1952	3534
1952	3535
1952	3306
1952	1576
1952	3536
1952	3537
1952	3538
1952	3539
1952	3540
1952	3541
1952	3542
1952	3543
1952	3544
1952	3545
1952	3546
1952	3547
1952	3548
1952	3549
1952	3550
1952	3551
1952	3552
1952	3553
1952	3554
1952	3555
1952	3556
1952	3557
1952	3558
1952	3559
1952	3560
1952	3561
1952	3562
1952	3563
1952	3564
1952	3565
1952	3566
1952	3567
1952	3568
1952	3569
1952	3570
1952	3571
1952	3572
1952	3573
1952	3574
1952	3575
1952	3576
1952	3577
1952	3578
1952	3579
1952	3358
1952	3580
1952	3581
1952	3582
1952	3583
1952	3584
1952	3585
1952	3586
1952	3587
1952	3588
1952	3589
1952	3590
1753	3591
1753	3592
1753	3593
1753	3594
1753	3595
1753	3596
1753	3597
1740	3598
1740	3599
1740	3600
1740	3601
1740	3602
1740	3603
1740	3604
1740	3605
1740	3606
1740	3607
1740	3608
1740	3609
1740	3610
1740	3611
1740	3612
1740	3613
1740	3614
1740	3615
1740	3616
1740	3617
1740	3618
1740	3619
1740	3620
1740	3621
1740	3622
1740	3623
1740	3624
1740	3625
1740	3626
1740	3627
1740	3628
1740	3629
1740	3630
1740	3631
1740	3632
1740	3633
1740	3634
1740	3635
1740	3636
1740	3637
1740	3638
1740	3639
1740	3640
1740	3641
1740	3642
1740	3643
1740	3644
1740	3645
1740	3646
1740	3647
1740	3648
1740	3649
1740	3650
1740	3651
1740	3652
1740	3653
1740	3654
1740	3491
1740	3655
1740	3656
1740	3657
1740	3658
1740	3659
1740	3660
1740	3661
1740	3662
1740	3663
1740	3664
1740	3665
1740	3666
1740	3667
1740	3668
1740	3669
1740	3670
1740	3671
1740	3672
1740	3673
1740	3674
1740	3675
1740	3676
1740	3677
1740	3678
1740	3679
1740	3680
1740	3681
1740	3682
1740	3683
1740	3684
1740	3685
1740	3686
1740	3687
1740	3688
1740	3689
1740	3690
1740	3691
1740	3692
1740	3693
1740	3694
1740	3695
1740	3696
1740	3697
1740	3698
1740	3699
1740	3700
1740	3701
1740	3702
1740	3703
1740	3704
1740	3705
1740	3706
1740	3707
1740	3708
1740	3709
1740	3710
1740	3711
1740	3712
1740	3713
1740	3714
1740	3715
1740	3716
1740	3717
1740	3718
1740	3719
1740	3720
1740	3721
1740	3722
1740	3723
1740	3554
1740	3724
1740	3725
1740	3726
1740	3727
1740	3728
1740	3729
1740	3730
1740	3731
1740	3732
1740	3733
1740	3734
1740	3735
1740	3736
1740	3499
1740	3737
1740	3738
1740	3739
1740	3740
1740	3741
1740	3742
1740	3743
1740	3744
1740	3745
1740	3746
1740	3747
1740	3748
1740	3749
1740	3750
1740	3751
1740	3752
1740	3753
1740	3754
1740	3755
1740	3756
1740	3757
1740	3758
1740	3759
1740	3760
1740	3761
1740	3762
1740	3763
1740	3764
1740	3765
1740	3766
1740	3767
1740	3768
1740	3769
1740	3770
1740	3771
1740	3772
1740	3773
1740	3774
1740	3775
1740	3776
1740	3777
1740	3778
1740	3779
1740	3780
1740	3781
1740	3782
1740	3783
1740	3784
1740	3785
1740	3786
1740	3787
1740	3788
1740	3789
1740	3790
1740	3791
1740	3792
1740	3793
1740	3794
1740	3795
1740	3796
1740	3797
1740	3798
1740	3799
1740	3553
1740	3800
1740	3801
1740	3802
1740	3803
1740	3804
1740	3805
1740	3806
1740	3807
1740	3808
1740	3809
1740	3810
1740	3811
1740	3812
1740	3813
1740	3814
1740	3815
1740	3816
1740	3817
1740	3818
1740	3819
1740	3820
1740	3821
1740	3822
1740	3823
1740	3824
1740	3825
1740	3826
1740	3827
1740	3828
1740	3829
1740	3830
1740	3831
1740	3832
1740	3833
1740	3834
1740	3835
1740	3836
1740	3837
1740	3838
1740	3839
1740	3840
1740	3841
1740	3842
1740	3843
1740	3844
1740	3589
1740	3845
1740	3846
1740	3847
1740	3848
1740	3849
1740	3850
1740	3851
1740	3852
1740	3853
1740	3854
1740	3855
1740	3856
1740	3857
1740	3858
1740	3859
1740	3860
1740	3861
1740	3862
1740	3863
1740	3864
1740	3865
1740	3866
1740	3867
1740	3868
1740	3869
1740	3870
1740	3871
1740	3872
1740	3873
1740	3874
1740	3875
1740	3876
1740	3877
1740	3878
1740	3879
1740	3880
1740	3881
1740	3882
1740	3883
1740	3884
1740	3885
1736	3886
1736	3887
1736	3888
1736	3889
1736	3890
1736	3891
1736	3892
1736	3893
1736	3894
1736	3895
1736	3896
1736	3897
1736	3898
1736	3899
1736	3900
1736	3901
1736	3902
1736	3903
1736	3904
1736	3905
1736	3906
1736	3907
1736	3908
1736	3909
1736	3910
1736	3911
1736	3912
1736	3913
1736	3914
1736	3915
1736	3916
1736	3917
1736	3918
1736	3919
1736	3920
1736	3921
1736	3922
1736	3923
1736	3924
1736	3925
1736	3926
1736	3927
1736	3928
1736	3929
1736	3930
1736	3931
1736	3932
1736	3933
1736	3934
1736	3935
1736	3936
1736	3937
1736	3938
1736	3939
1736	3940
1736	3941
1736	3942
1736	3943
1736	3944
1736	3945
1736	3946
1736	3947
1736	3948
1736	3949
1736	3950
1736	3951
1736	3952
1736	3953
1736	3954
1736	3955
1736	3956
1736	3957
1736	3958
1736	3959
1736	3960
1736	3961
1736	3962
1736	3963
1736	3964
1736	3965
1736	3966
1736	3967
1736	3968
1736	3969
1736	3970
1736	3971
1736	3972
1736	3973
1736	3974
1736	3975
1736	3976
1736	3977
1736	3978
1736	3979
1736	3980
1736	3981
1736	3982
1736	3983
1736	3984
1736	3985
1736	3986
1736	3987
1736	3988
1736	3989
1736	3990
1736	3457
1736	3991
1736	3992
1736	3993
1736	3994
1736	3995
1736	3996
1736	3997
1736	3998
1736	3999
1736	4000
1736	4001
1736	4002
1736	4003
1736	4004
1736	4005
1736	4006
1736	4007
1736	4008
1736	4009
1736	4010
1736	4011
1736	4012
1736	4013
1736	4014
1736	4015
1736	4016
1736	4017
1736	4018
1736	4019
1736	4020
1736	4021
1736	4022
1736	4023
1736	4024
1736	4025
1736	4026
1736	4027
1736	4028
1736	4029
1736	4030
1736	4031
1736	4032
1736	4033
1736	4034
1736	4035
1736	4036
1736	4037
1736	4038
1736	4039
1736	4040
1736	4041
1736	4042
1736	4043
1736	4044
1736	4045
1736	4046
1736	4047
1736	4048
1736	4049
1736	4050
1736	4051
1736	4052
1736	4053
1736	4054
1736	4055
1736	4056
1736	4057
1736	4058
1736	4059
1736	4060
1736	4061
1736	4062
1736	4063
1736	4064
1736	4065
1736	4066
1736	4067
1736	4068
1736	4069
1736	4070
1736	4071
1736	4072
1736	4073
1736	4074
1736	4075
1736	4076
1736	4077
1736	4078
1736	4079
1736	4080
1736	4081
1736	4082
1736	4083
1736	4084
1736	4085
1736	4086
1736	4087
1736	4088
1736	4089
1736	4090
1736	4091
1736	4092
1736	4093
1736	4094
1736	4095
1736	4096
1736	4097
1736	4098
1736	4099
1736	4100
1736	4101
1736	4102
1736	4103
1736	4104
1736	4105
1736	4106
1736	4107
1736	4108
1736	4109
1736	4110
1736	4111
1736	4112
1736	4113
1736	4114
1736	4115
1736	4116
1736	4117
1736	4118
1736	4119
1736	4120
1736	4121
1736	4122
1736	4123
1736	4124
1736	4125
1736	4126
1736	4127
1736	4128
1736	4129
1736	4130
1736	4131
1736	4132
1736	4133
1736	4134
1736	4135
1736	4136
1736	4137
1736	4138
1736	4139
1736	4140
1736	4141
1736	4142
1736	4143
1736	4144
1736	4145
1736	4146
1736	4147
1736	4148
1736	4149
1736	4150
1736	4151
1736	4152
1736	4153
1736	4154
1736	4155
1736	4156
1736	4157
1736	4158
1736	4159
1736	4160
1736	4161
1736	4162
1736	4163
1736	4164
1736	4165
1736	4166
1736	4167
1736	4168
1736	4169
1736	4170
1736	4171
1736	4172
1736	4173
1736	4174
1736	4175
1736	4176
1736	4177
1736	4178
1736	4179
1736	4180
1736	4181
1736	4182
1736	4183
1736	4184
1736	4185
1736	4186
1736	4187
1736	4188
1736	4189
1736	4190
1736	4191
1736	4192
1736	4193
1736	4194
1736	4195
1736	4196
1736	4197
1736	4198
1736	4199
1736	4200
1736	4201
1736	4202
1736	4203
1736	4204
1736	4205
1736	4206
1736	4207
1736	4208
1736	4209
1736	4210
1736	4211
1736	4212
1736	4213
1736	4214
1736	4215
1736	4216
1736	4217
1736	4218
1736	4219
1736	4220
1736	4221
1736	4222
1736	4223
1736	4224
1736	4225
1736	4226
1736	4227
1736	4228
1736	4229
1736	4230
1736	4231
1736	4232
1736	4233
1736	4234
1736	4235
1736	4236
1736	4237
1736	4238
1736	4239
1736	4240
1736	4241
1736	4242
1736	4243
1736	4244
1736	4245
1736	4246
1736	4247
1736	4248
1736	4249
1736	4250
1736	4251
1736	4252
1736	4253
1736	4254
1736	4255
1736	4256
1736	4257
1736	4258
1736	4259
1736	4260
1736	4261
1736	4262
348	4263
348	4264
348	4265
348	4266
348	4267
348	4268
348	4269
348	4270
348	4271
348	4272
348	4273
348	4274
348	4275
348	4276
348	4277
348	4278
348	4279
348	4280
348	4281
348	4282
348	4283
348	4284
348	4285
348	4286
348	4287
348	4288
348	4289
348	4290
348	4291
348	4292
348	4293
348	4294
348	4295
348	4296
348	4297
348	4298
348	4299
348	4300
348	4301
348	4302
348	4303
348	4304
348	4305
348	4306
348	4307
348	4308
348	4309
348	4310
348	4311
348	4312
348	4313
348	4314
348	4315
348	4316
348	4317
348	4318
348	4319
348	4320
348	4321
348	4322
348	3306
348	4323
348	4324
348	4325
348	4326
348	4327
348	4328
348	4329
348	4330
348	4331
348	4332
348	4333
348	3467
348	4334
348	4335
348	4336
348	4337
348	4338
348	4339
348	4340
348	4341
348	4342
348	4343
348	4344
348	4345
348	4346
348	4347
348	4348
348	4349
348	4350
348	4351
348	4352
348	4353
348	4354
348	4355
348	4356
348	4357
348	4358
348	4359
348	4360
348	4361
348	4362
348	880
348	4363
348	4364
348	4365
348	4366
348	4367
348	4368
348	4369
348	4370
348	4371
348	4372
348	4373
348	4374
348	4375
348	4376
348	3309
348	4377
348	4378
348	4379
348	4380
348	4381
348	4382
348	4383
348	3570
348	4384
348	4385
348	4386
348	4387
348	4388
348	4389
348	4390
348	4391
348	4392
348	4393
348	4394
348	4395
348	4396
348	4397
348	4398
348	4399
348	4400
348	4401
348	4402
348	4403
348	4404
348	4405
348	4406
348	4407
348	4408
348	4409
348	4410
348	4411
348	4412
348	4413
348	4414
348	4415
348	4416
348	4417
348	4418
348	4419
348	4058
348	4420
348	4421
348	4422
348	4423
348	4424
348	4425
348	4426
348	4427
348	4428
348	3722
348	4429
348	4430
348	4431
348	4432
348	4433
348	4434
348	4435
348	4436
348	4437
348	4438
348	4439
348	4440
348	4441
348	4442
348	4443
348	4444
348	4445
348	4446
348	4447
348	4448
348	4449
348	4450
348	4451
348	4452
348	4453
348	4454
348	4455
348	4456
348	4457
348	4458
348	4459
348	4460
348	4461
348	4462
348	4463
348	4464
348	4465
348	4466
348	4467
348	4468
348	4469
348	4470
348	4471
348	4472
348	4473
348	3463
348	4474
348	4475
348	4476
348	4477
348	4478
348	3590
348	4479
348	4480
348	4481
348	4482
348	4483
348	4484
348	4485
348	4486
348	4487
348	2414
348	4488
348	4489
348	4490
348	4491
348	4492
348	4493
348	4494
348	4495
348	4496
348	4497
348	4498
348	4499
348	4500
348	4501
348	4502
348	4503
348	4504
348	4505
348	4506
348	4507
348	4508
348	4509
348	4510
348	4511
348	4512
348	4513
348	4514
348	4515
348	4516
348	4517
348	4518
348	4519
348	4520
348	4521
348	4522
348	4523
348	4524
348	4525
348	4526
348	4527
348	4528
348	4529
348	4530
348	4531
348	4532
348	4533
348	4534
348	4535
348	4536
348	4537
348	4538
348	4539
348	4540
348	4541
348	4542
348	4543
348	4544
348	4545
348	4546
348	4547
348	4548
348	4549
348	4550
348	4551
348	4552
348	4553
348	4554
348	4555
348	3589
348	4556
348	4557
348	4558
348	3264
348	4559
348	4560
348	4561
348	4562
348	3734
348	4563
348	4564
348	4565
348	4566
348	4567
348	4568
348	4569
348	4570
348	4571
348	4572
348	4573
348	4574
348	4575
348	3825
348	4576
348	4577
348	4578
348	4579
348	4580
348	4581
348	4582
348	4583
348	4584
348	4585
348	4586
348	4587
348	4588
348	4589
348	4590
348	4591
348	4592
348	4593
348	4594
348	4595
348	4596
348	4597
348	4598
348	4599
348	4600
348	4601
348	4602
348	4603
348	4604
348	4605
348	4606
348	4607
348	4608
348	4609
348	4610
348	4611
348	4612
348	4613
348	4614
348	4615
348	4616
348	4617
348	4618
348	4619
348	4620
348	4621
348	4622
348	4623
348	4624
348	4625
348	4626
342	4627
342	4628
342	4629
342	4630
342	4631
342	4632
342	4633
332	4634
332	4635
343	4636
343	4637
343	4638
343	4639
343	4640
343	4641
343	4642
343	4643
343	4644
343	4645
343	4646
343	4647
343	4648
343	4649
343	4650
343	4651
343	4652
343	4653
343	4654
343	4655
343	4656
343	4657
343	4658
343	4659
343	4660
343	4661
343	4662
343	4663
343	4664
343	4665
343	4666
343	4667
343	4668
343	4669
343	4670
343	4671
343	4672
343	4673
343	4674
343	4675
343	4676
343	4677
343	4678
343	4679
343	4680
343	4681
343	4682
343	4683
343	4684
343	4685
343	4686
343	4687
343	4688
343	4689
343	4690
343	4691
343	4692
343	4693
343	4694
343	4695
343	4696
343	4697
343	4698
343	4699
343	4700
343	4701
343	4702
343	4703
343	4704
343	4705
343	4706
343	4707
343	4708
343	4709
343	2772
343	4710
343	4711
343	4712
343	4713
343	4714
343	4715
343	4716
343	3270
343	4717
343	4718
343	4719
343	4720
343	4721
343	4722
343	4723
343	4724
343	4725
343	4726
343	4727
343	4728
343	4729
343	4730
343	4731
343	4732
343	4733
343	4734
343	4735
343	4736
343	4737
343	4738
343	4739
343	4740
343	4741
343	4742
343	4743
343	4744
343	4745
343	4746
343	4747
343	4748
343	4749
343	4750
343	4751
343	4752
343	4753
343	4754
343	4755
343	4756
343	4757
343	4758
343	4759
343	4760
343	4761
343	4762
343	4763
343	4764
343	4765
343	4766
343	4767
343	4768
343	4769
343	4770
343	4771
343	4772
343	4773
343	4774
343	4775
343	4776
343	4777
343	4778
343	4779
343	4780
343	4781
343	4782
343	4783
343	4784
343	4785
343	4786
343	4787
343	4788
343	4789
343	4790
343	4791
343	4792
343	4793
343	4794
343	4795
343	4796
343	4797
343	4798
343	4799
343	4800
343	4801
343	4802
343	4803
343	4804
343	4805
343	4806
343	4807
343	4808
343	4809
343	4810
343	4811
343	4812
343	4813
343	4814
343	4815
343	4816
343	4817
343	4818
343	4819
343	4820
343	4821
343	4822
343	4823
343	4824
343	4825
343	4826
343	4827
343	4828
343	4829
343	4830
343	4831
343	4832
343	4833
343	4834
343	4835
343	4836
343	4837
343	4838
343	4839
343	4840
343	4841
343	4842
343	4843
343	4844
343	4845
343	4846
343	4847
343	4848
343	4849
343	4850
343	4851
343	4852
343	4853
343	4854
343	4855
343	4856
343	4857
343	4858
343	4859
343	4860
343	4861
343	4862
343	4863
343	4864
343	4865
343	4866
343	4867
343	4868
343	4869
343	4870
343	4871
343	4872
343	4873
343	4874
343	4875
343	4876
343	4877
343	4878
343	4879
343	4880
343	4881
343	4882
343	4883
343	4884
343	4885
343	4886
343	4887
343	4888
343	3306
343	4889
343	4890
343	4891
343	4892
343	4893
343	4894
343	4895
343	4896
343	4897
343	4898
343	4899
343	4900
343	4901
343	4902
343	4903
343	4904
343	4905
343	4906
343	4907
343	4908
343	4909
343	4910
343	4911
343	4912
343	4913
343	4914
343	4915
343	4916
343	4917
343	4918
343	4919
299	4920
299	4921
145	4922
121	4923
1375	4324
1375	4924
1375	4925
1375	4926
1375	4927
1375	4928
1375	4929
1375	4930
1375	4931
1375	4932
1375	4933
1375	4934
1375	4935
1375	4936
1375	4937
1375	4938
1375	4531
1375	4939
1375	4940
1375	4941
1375	4942
1375	4943
1375	4944
1375	3360
1375	3349
1375	4945
1375	4946
1375	4947
1375	4948
1375	4949
1375	4950
1375	4951
1375	3253
1375	4952
1375	4953
1375	4954
1375	4955
1375	3582
1375	4956
1375	4957
1375	4958
1375	4959
1375	4960
1375	3269
1375	4961
1375	4962
1375	4963
1375	3344
1375	4964
1375	4965
1375	4966
1375	4967
1375	4968
1375	4969
1375	4970
1375	3380
1375	4971
1375	4972
1375	4973
1375	4974
1375	4975
1375	4976
1375	4977
1375	4978
1375	4979
1375	4980
1375	4981
1375	4982
1375	4983
1375	4984
1375	4985
1375	4986
1375	4987
1375	4988
1375	4989
1375	4990
1375	4991
1375	4992
1375	4993
1375	4994
3191	4995
3191	3496
3191	3499
3191	4996
3191	4997
3191	4998
3191	4999
3191	5000
3191	5001
3191	5002
3191	5003
3191	5004
3191	5005
3191	5006
3191	5007
3191	5008
3191	5009
3191	5010
3191	5011
3191	5012
3191	5013
3191	5014
3191	5015
3191	5016
3191	5017
3191	5018
3191	5019
3191	5020
3191	5021
3191	5022
3191	5023
3191	5024
3191	5025
3191	5026
3191	2828
3191	5027
3191	5028
3191	5029
3191	5030
3191	5031
3191	5032
3191	5033
3191	5034
3191	5035
3191	5036
3191	5037
3191	5038
3191	5039
3191	5040
3191	5041
3191	5042
3191	5043
3191	5044
3191	5045
3191	5046
3191	5047
3191	5048
3191	5049
3191	5050
3191	5051
3191	5052
3191	5053
3191	5054
3191	5055
3191	5056
3191	5057
3191	5058
3191	5059
3191	5060
3191	5061
3191	5062
3191	5063
3191	5064
3191	5065
3191	5066
3191	5067
3191	5068
3191	5069
3191	5070
3191	5071
3191	5072
3191	5073
3191	5074
3191	5075
3191	5076
3191	5077
3191	5078
3191	5079
3191	5080
3191	5081
3191	5082
3191	5083
3191	5084
3191	5085
3191	5086
3191	5087
3191	5088
3191	5089
3191	5090
3191	5091
3191	5092
3191	5093
3191	5094
3191	5095
3191	5096
3191	5097
3191	5098
3191	5099
3191	5100
3191	5101
3191	5102
3191	5103
3191	5104
3191	5105
3191	5106
3191	5107
3191	5108
3191	5109
3191	5110
3191	5111
3191	5112
3191	5113
3191	5114
3191	5115
3191	5116
3191	5117
3191	5118
3191	5119
3191	5120
3191	5121
3191	5122
3191	5123
3191	5124
3191	5125
3191	5126
3191	5127
3191	5128
3191	5129
3191	5130
3191	5131
3191	5132
3191	5133
3191	5134
3191	5135
3191	5136
3191	5137
3191	5138
3191	5139
3191	5140
3191	5141
3191	5142
3191	5143
3191	5144
3191	5145
3191	3495
3191	5146
3191	4187
3191	5147
3191	5148
3191	5149
3191	5150
3191	5151
3191	5152
3191	5153
3191	5154
3191	5155
3191	5156
3191	5157
3191	5158
3191	5159
3191	5160
3191	5161
3191	5162
3191	5163
3191	5164
3191	5165
3191	5166
3191	5167
3191	5168
3191	5169
3191	5170
3191	5171
3191	5172
3191	5173
3191	5174
3191	5175
3191	5176
3191	5177
3191	5178
3191	5179
3191	5180
3191	5181
3191	5182
3191	5183
3191	5184
3191	5185
3191	5186
3191	5187
3191	5188
3191	5189
3191	5190
3191	5191
3191	5192
3191	5193
3191	5194
3191	3546
3191	3532
3191	5195
3191	5196
3191	5197
3191	5198
3191	5199
3191	5200
3191	5201
3191	5202
3191	4948
3191	5203
3191	5204
3191	5205
3191	5206
3191	5207
3191	5208
3191	2729
3191	5209
3191	5210
3191	5211
3191	5212
3191	5213
3191	5214
3191	5215
3191	5216
3191	5217
3191	5218
3191	5219
3191	5220
3191	5221
3191	5222
3191	5223
3191	5224
3191	5225
3191	3581
3191	5226
3191	5227
3191	5228
3191	5229
3191	5230
3191	5231
3191	5232
3191	5233
3191	5234
3191	5235
3191	5236
3191	5237
3191	5238
3191	5239
3191	5240
3191	5241
3191	5242
3191	5243
3191	5244
3191	5245
3191	5246
3191	5247
3191	5248
3191	4968
3191	5249
3191	5250
3191	5251
3191	5252
3191	5253
3191	5254
3191	5255
3191	5256
3191	5257
3191	5258
3191	5259
3191	5260
3191	5261
3191	5262
3191	5263
3191	5264
3191	5265
3191	5266
3191	3291
3191	5267
3191	5268
3191	5269
3191	5270
3191	5271
3191	5272
3191	5273
3191	5274
3191	5275
3191	5276
3191	5277
3191	5278
3191	5279
3191	5280
3191	5281
3191	5282
3191	5283
3191	5284
3191	5285
3191	5286
3191	5287
3191	5288
3191	5289
3191	5290
3191	5291
3191	5292
3191	5293
3191	5294
3191	5295
3191	5296
3191	3275
3191	5297
3191	5298
3191	5299
3191	5300
3191	5301
3191	5302
3191	5303
3191	5304
3191	5305
3191	5306
3191	5307
3191	5308
3191	5309
3191	3380
3191	5310
3191	5311
3191	5312
3191	5313
3191	3740
3191	5314
3191	5315
3191	4514
3191	5316
3191	5317
3191	5318
3191	5319
3191	5320
3191	5321
3191	5322
3191	5323
3191	5324
3191	5325
3191	5326
3191	5327
3191	5328
3191	5329
3191	5330
3191	5331
3191	5332
3191	5333
3191	5334
3191	5335
3191	5336
3191	5337
3191	5338
3191	5339
3191	5340
3191	5341
3191	5342
3191	5343
3191	5344
3191	5345
3191	5346
3191	5347
3191	5348
3191	5349
3191	5350
3191	5351
3191	5352
3191	5353
3191	5354
3191	5355
3191	5356
3191	5357
3191	5358
3191	5359
3191	5360
3191	5361
3191	5362
3191	5363
3191	5364
3191	5365
3191	5366
3191	5367
3191	5368
3191	4430
3191	3299
3191	5369
3191	5370
3191	5371
3191	5372
3191	5373
3191	5374
3191	5375
3191	5376
3191	5377
3191	5378
3191	5379
3191	5380
3191	5381
3191	5382
3191	5383
3191	5384
3191	5385
3191	5386
3191	5387
3191	5388
3191	5389
3191	5390
3191	5391
3191	5392
3191	5393
3191	5394
3191	5395
3191	5396
3191	5397
3191	5398
3191	5399
3191	5400
3191	5401
3191	5402
3191	5403
3191	5404
3191	5405
3191	5406
3191	5407
3191	5408
3191	5409
3191	5410
3191	5411
3191	5412
3191	5413
3191	5414
3191	5415
3191	5416
3191	4427
3191	5417
3191	5418
3191	5419
3191	5420
3191	5421
3191	3498
3191	5422
3191	5423
3191	5424
3191	4116
3191	3574
3191	5425
3191	5426
3191	3575
3191	5427
3191	3355
3191	5428
3191	5429
3191	5430
3191	5431
3191	4951
3191	3851
3191	4970
3191	4955
3191	4947
3191	5432
3191	5433
3191	3361
3191	4954
3191	5434
3191	5435
3191	5436
3191	5437
3191	5438
3191	5439
3191	5440
3191	5441
3191	5442
3191	3253
3191	5443
3191	5444
3191	5445
3191	5446
3191	5447
3191	5448
3191	5449
3191	5450
3191	5451
3191	5452
3191	5453
3191	5454
3191	5455
3191	5456
3191	5457
3191	5458
3191	5459
3191	5460
3191	5461
3191	5462
3191	5463
3191	5464
3191	5465
3191	5466
3191	5467
3191	5468
3191	5469
3191	5470
3191	5471
3191	5472
3191	5473
3191	5474
3191	5475
3191	5476
3191	5477
3191	5478
3191	5479
3191	5480
3191	5481
3191	5482
3191	5483
3191	5484
3191	5485
3191	5486
3191	5487
3191	5488
3191	5489
3191	5490
3191	5491
3191	3002
3191	5492
3191	5493
3191	5494
3191	5495
3191	5496
3191	3309
3191	3308
3191	5497
3191	1490
3191	5498
3191	5499
3191	5500
3191	5501
3191	5502
3191	5503
3191	5504
3191	5505
3191	5506
3191	5507
3191	5508
3191	5509
3191	5510
3191	5511
3191	3327
3191	3325
3191	3324
3191	3326
3191	5512
2729	5513
2729	5514
2729	5515
2729	5516
2729	5517
2729	5518
2729	5519
2729	5520
2729	5521
2729	5522
2729	5523
2729	4035
2729	5524
2729	5525
2729	5526
2729	5527
2729	5528
2729	5529
2729	5184
2729	5530
2729	5531
2729	5532
2729	5533
2729	5534
2729	5535
2729	5536
2729	5537
2729	5538
2729	5539
2729	5540
2729	5541
2729	5542
2729	5543
2729	5544
2729	5545
2729	5546
2729	5547
2729	5548
2729	5549
2729	5550
2729	5551
2729	5552
2729	5553
2729	5554
2729	5555
2729	5556
2729	5557
2729	5558
2729	5559
2729	3495
2729	5560
2729	5561
2729	5562
2729	5563
2729	5564
2729	5565
2729	3483
2729	5164
2729	5566
2729	5567
2729	5568
2729	5569
2729	5570
2729	5571
2729	5572
2729	5573
2729	5574
2729	5575
2729	5576
2729	5032
2729	5577
2729	5578
2729	5579
2729	5580
2729	5581
2729	5582
2729	5583
2729	5584
2729	5585
2729	5586
2729	5587
2729	5588
2729	5589
2729	5590
2729	5591
2729	5592
2729	5593
2729	5594
2729	5595
2729	5596
2729	5597
2729	5598
2729	5599
2729	5600
2729	5031
2729	5601
2729	5602
2729	5603
2729	5604
2729	5605
2729	5606
2729	5607
2729	5608
2729	5609
2729	5610
2729	5611
2729	5612
2729	5613
2729	5614
2729	5615
2729	5616
2729	5617
2729	5618
2729	5619
2729	5620
2729	5621
2729	5622
2729	5623
2729	5624
2729	5625
2729	5626
2729	5627
2729	5628
2729	5629
2729	5630
2729	5631
2729	5632
2729	5633
2729	5634
2729	5635
2729	5636
2729	5637
2729	5638
2729	5639
2729	5640
2729	5641
2729	5642
2729	5643
2729	5644
2729	5247
2729	5645
2729	5646
2729	5647
2729	5648
2729	5649
2729	5650
2729	5651
2729	5652
2729	5653
2729	5654
2729	5655
2729	5656
2729	5657
2729	5658
2729	5659
2729	5660
2729	5661
2729	5662
2729	5663
2729	5664
2729	5665
2729	5666
2729	5667
2729	5668
2729	5669
2729	5670
2729	5671
2729	5672
2729	5673
2729	5674
2729	5675
2729	5676
2729	5677
2729	5678
2729	5679
2729	5680
2729	5681
2729	5682
2729	5683
2729	5684
2729	5685
2729	5686
2729	5687
2729	4530
2729	5688
2729	5689
2729	5690
2729	5691
2729	5692
2729	5693
2729	5694
2729	5695
2729	5696
2729	5697
2729	5698
2729	5699
2729	5700
2729	5701
2729	5702
2729	5703
2729	5704
2729	5394
2729	5193
2729	5705
2729	5706
2729	5707
2729	5708
2729	5378
2729	5709
2729	5710
2729	5711
2729	5712
2729	5713
2729	5714
2729	5715
2729	5716
2729	5717
2729	3553
2729	5718
2729	5719
2729	5720
2729	5721
2729	5722
2729	5723
2729	5724
2729	5725
2729	5726
2729	5727
2729	5728
2729	5729
2729	5730
2729	5731
2729	5732
2729	5733
2729	5734
2729	5735
2729	5736
2729	5737
2729	5738
2729	5739
2729	5740
2729	5741
2729	5742
2729	5743
2729	5744
2729	5745
2729	5746
2729	5747
2729	5748
2729	5749
2729	5750
2729	5751
2729	5752
2729	5753
2729	5754
2729	4881
2729	5755
2729	5756
2729	5757
2729	5758
2729	5759
2729	5760
2729	5761
2729	5762
2729	5763
2729	5764
2729	5765
2729	5766
2729	5767
2729	5768
2729	5769
2729	5770
2729	5771
2729	5772
2729	5773
2729	5774
2729	5775
2729	5776
2729	5777
2729	5778
2729	5779
2729	5780
2729	5781
2729	5782
2729	5783
2729	5784
2729	5785
2729	5786
2729	5787
2729	5788
2729	5789
2729	5790
2729	5791
2729	5792
2729	5793
2729	5794
2729	5795
2729	5796
2729	5797
2729	5798
2729	5799
2729	5800
2729	5801
2729	5802
2729	5803
2729	5804
2729	5805
2729	5806
2729	5807
2729	5808
2729	5809
2729	5810
2729	5811
2729	5812
2729	5813
2729	5814
2729	5815
2729	5816
2729	5817
2729	5818
2729	5819
2729	5820
2729	5821
2729	5822
2729	5823
2729	5824
2729	5825
2729	5826
2729	5827
2729	5828
2729	5829
2729	3390
2729	5830
2729	5831
2729	5832
2729	5833
2729	5834
2729	5835
2729	5836
2729	5837
2729	5838
2729	5010
2729	5839
2729	5840
2729	5841
2729	5842
2729	5843
2729	5844
2729	5845
2729	5846
2729	5847
2729	5848
2729	5849
2729	5850
2729	5851
2729	5852
2729	5853
2729	5854
2729	5855
2729	764
2729	5856
2729	5857
2729	5858
2729	4354
2729	5859
2729	5860
2729	5861
2729	4029
2729	5862
2729	5863
2729	5864
2729	5865
2729	5866
2729	5867
2729	5868
2729	5869
2729	5870
2729	5871
2729	5872
2729	3581
2729	5873
2729	5874
2729	4093
2729	5875
2729	5876
2729	5877
2729	5878
2729	5879
2729	5880
2729	5881
2729	5882
2729	5883
2729	5884
2729	5885
2729	5886
2729	5887
2729	5888
2729	5889
2729	5890
2729	5891
2729	5892
2729	5893
2729	5894
2729	5895
2729	5896
2729	5897
2729	5898
2729	5263
2729	5899
2729	5900
2729	5901
2729	5902
2729	5903
2729	5904
2729	5905
2729	5906
2729	5907
2729	5908
2729	5909
2729	5910
2729	5911
2729	5912
2729	5913
2729	5914
2729	5915
2729	5916
2729	5917
2729	5918
2729	5919
2729	5920
2729	5921
2729	5922
2729	5923
2729	5924
2729	5925
2729	5926
2729	5927
2729	5928
2729	5929
2729	5930
2729	5931
2729	5932
2729	5933
2729	5934
2729	5935
2729	5936
2729	5937
2729	5938
2729	4479
2729	4472
2729	5939
2729	5940
2729	5941
2729	5942
2729	5943
2729	5944
2729	3734
2729	5945
2729	5946
2729	5947
2729	5948
2729	5949
2729	5950
2729	5951
2729	5952
2729	5953
2729	5954
2729	5955
2729	5956
2729	5957
2729	5958
2729	5959
2729	5960
2729	5961
2729	5962
2729	5963
2729	5964
2729	5965
2729	5966
2729	5967
2729	5356
2729	5968
2729	5969
2729	5970
2729	5971
2729	5972
2729	5973
2729	5974
2729	3306
2729	5975
2729	5976
2729	5977
2729	5978
2729	5979
2729	5980
2729	5981
2729	5982
2729	5983
2729	5984
2729	5985
2729	5986
2729	5987
2729	3349
2729	5988
2729	5989
2729	5990
2729	5991
2729	5992
2729	5993
2729	5994
2729	4524
2729	5995
2729	5996
2729	5997
2729	4452
2729	5998
2729	5999
2729	6000
2729	6001
2729	6002
2729	6003
2729	6004
2729	6005
2729	6006
2729	6007
2729	6008
2729	6009
2729	6010
2729	6011
2729	6012
2729	6013
2729	6014
2729	6015
2729	6016
2729	6017
2729	6018
2729	6019
2729	6020
2729	6021
2729	6022
2729	6023
2729	6024
2729	6025
2729	6026
2729	6027
2729	6028
2729	6029
2729	6030
2729	6031
2729	6032
2729	6033
2729	6034
2729	6035
2729	6036
2729	6037
2729	6038
2729	6039
2729	6040
2729	6041
2729	6042
2729	6043
2729	4956
2729	6044
2729	6045
2729	6046
2729	6047
2729	6048
2729	6049
2729	6050
2729	6051
2729	6052
2729	6053
2729	6054
2729	6055
2729	6056
2729	5452
2729	6057
2729	6058
2729	6059
2729	6060
2729	6061
2729	6062
2729	6063
2729	6064
2729	6065
2729	6066
2729	3576
2729	6067
2729	4239
2729	6068
2729	6069
2729	6070
2729	6071
2729	6072
2729	6073
2729	6074
2729	6075
2729	6076
2729	6077
2729	6078
2729	6079
2729	6080
2729	6081
2729	6082
2729	6083
2729	6084
2729	6085
2729	6086
2729	6087
2729	6088
2729	6089
2729	6090
2729	6091
2729	6092
2729	6093
2729	6094
2729	6095
2729	6096
2729	6097
2729	6098
2729	6099
2729	3498
2729	6100
2729	6101
2729	6102
2729	6103
2729	6104
2729	6105
2729	6106
2729	6107
2729	6108
2729	6109
2729	6110
2729	6111
2729	6112
2729	6113
2729	6114
2729	6115
2729	3836
2729	6116
2729	6117
2729	6118
2729	6119
2729	6120
2729	6121
2729	6122
2729	6123
2729	6124
2729	6125
2729	6126
2729	6127
2729	6128
2729	6129
2729	6130
2729	6131
2729	6132
2729	3021
2729	6133
2729	5333
2729	6134
2729	6135
2729	4441
2729	6136
2729	6137
2729	6138
2729	4774
2729	6139
2729	6140
2729	6141
2729	6142
2729	3485
2729	6143
2729	6144
2729	6145
2729	6146
2729	6147
2729	5418
2729	6148
2458	6149
2458	6150
2458	6151
2458	6152
2458	6153
2458	6154
2458	6155
2458	6156
2458	6157
2458	6158
2458	6159
2458	6160
2458	6161
2458	6162
2458	6163
2458	6164
2458	6165
2458	6166
2448	1111
2448	6167
2448	6168
2448	6169
2448	6170
2448	1346
2448	6171
2448	6172
2450	6173
2450	6174
2450	6175
2450	6176
2450	6177
2450	6178
2450	6179
2450	6180
2450	6181
2450	6182
2450	6183
2308	6184
2308	6185
2308	6186
2308	6187
2305	2018
2305	6188
2305	6189
2305	1129
2305	6190
2305	6191
2305	2211
2305	6192
2305	1775
2305	6193
2305	6194
2305	6195
2305	6196
2305	6197
2305	6198
2305	6199
2305	6200
2305	6201
2305	6202
2305	757
2305	6203
2305	6204
2305	6205
2305	6206
2305	6207
2305	6208
2305	6209
2305	6210
2305	6211
2305	6212
2305	6213
2305	6214
2305	6215
2305	6216
2305	6217
2305	6218
2305	6219
2305	6220
2305	6221
2305	6222
2305	6223
2305	6224
2305	6225
2305	6226
2305	6227
2305	6228
2422	6229
2422	6230
2422	6231
2422	6232
2422	6233
2422	6234
2422	6235
2251	6236
2251	6237
2251	6238
2251	6239
2251	6240
2251	6241
2251	6242
2251	6243
2251	6244
2251	6245
2251	6246
2251	6247
2251	6248
2251	6249
2251	6250
2251	6251
2251	6252
2251	6253
2251	5088
2251	6254
2251	6255
2251	6256
2251	6257
2251	6258
2251	6259
2251	6260
2251	6261
2251	6262
2251	6263
2251	6264
2251	6265
2251	6266
2251	6267
2251	6268
2251	6269
2251	6270
2251	6271
2251	6272
2251	6273
2251	6274
2251	6275
2251	6276
2251	6277
2251	6278
2251	6279
2251	6280
2251	6281
2251	6282
2251	6283
2251	6284
2251	6285
2251	6286
2251	4968
2251	6287
2251	6288
2251	6289
2251	6290
2251	6291
2251	6292
2251	6293
2251	6294
2251	6295
2251	6296
2251	6297
2251	6298
2251	6299
2251	6300
2251	6301
2251	6302
2251	6303
2251	6304
2251	6305
2251	6306
2251	6307
2251	6308
2251	6309
2251	6310
2251	3575
2251	6311
2251	6312
2251	6313
2251	6314
2251	6315
2251	6316
2251	4367
2251	6317
2251	6318
2251	6319
2251	6320
2251	6321
2251	6322
2251	6323
2251	6324
2251	6325
2251	6326
2251	6327
2251	6328
2251	6329
2251	5758
2251	6330
2251	6331
2251	6332
2251	6333
2251	6334
2251	6335
2251	6336
2251	6337
2251	6338
2251	6339
2251	6340
2251	6341
2251	6342
2251	6343
2251	6344
2251	6345
2251	6346
2251	6347
2251	6348
2251	5418
2251	6349
2251	6350
2251	6351
2251	6352
2251	6353
2251	6354
2251	6355
2251	6356
2251	6357
2251	6358
2251	6359
2251	6360
2251	6361
2251	3689
2251	6362
2251	6363
2251	6364
2251	6365
2251	6366
2251	6367
2251	6368
2251	6369
2251	6370
2251	6371
2251	6116
2251	6372
2251	6373
2251	6374
2251	6375
2251	6376
2251	6377
2251	6378
2251	6379
2251	6380
2251	6381
2251	6382
2251	6383
2251	6384
2251	6385
2251	6386
2251	6387
2251	3558
2251	6388
2251	6389
2251	6390
2251	6391
2251	6392
2251	6393
2251	6394
2251	6395
2251	6396
2251	6397
2251	6398
2251	6399
2251	6400
2251	6401
2251	6402
2251	6403
2251	6404
2251	6405
2251	6406
2251	6407
2251	6408
2251	6409
2251	6410
2251	6411
2251	6412
2251	6413
2251	6414
2251	6415
2251	6416
2251	6417
2251	3354
2251	6418
2251	6419
2251	6420
2251	6421
2251	6422
2251	6423
2251	3851
2251	6424
2251	6425
2251	4387
2251	6426
2251	6427
2251	4958
2251	6428
2251	6429
2251	6430
2251	6431
2251	6432
2251	6433
2251	6434
2251	6435
2251	6436
2251	4946
2251	4945
2251	6437
2251	6438
2251	4004
2251	6439
2251	6440
2251	6441
2251	5376
2251	5509
2251	6442
2251	6443
2251	3347
2251	6444
2251	6445
2251	4956
2251	6446
2251	6447
2251	4957
2251	6448
2251	3582
2251	6449
2251	6450
2251	6451
2251	6452
2251	4960
2251	6453
2251	4941
2251	6454
2251	5433
2251	6455
2251	4955
2251	5432
2251	6456
2251	3361
2251	6457
2251	6458
2251	6459
2251	4564
2251	6460
2251	6461
2251	6462
2251	6463
2251	6464
2251	6465
2251	6466
2251	6467
2251	3380
2251	6468
2251	4187
2251	6469
2251	6470
2251	3559
2251	6471
2251	6472
2251	6473
2251	6474
2251	6475
2251	6476
2251	6477
2251	6478
2251	6479
2251	6480
2251	6481
2251	6482
2251	6483
2251	6484
2251	5427
2251	6485
2251	4953
2251	5429
2251	6486
2251	6487
2251	6488
2251	6489
2251	3269
2251	6490
2251	6491
2251	6492
2251	6493
2251	6494
2251	4971
2251	6495
2251	6496
2251	5445
2246	6497
2246	6498
2246	6499
2246	6500
2246	6501
2246	6502
2246	6503
2246	6504
2246	6505
2246	6506
2246	6507
2246	6508
2246	6509
2246	6510
2246	6511
2246	6512
2246	6513
2246	6514
2246	6515
2246	6516
2246	6517
2246	6518
2246	6457
2246	6519
2246	6345
2246	6520
2246	6521
2246	6522
2246	5443
2246	3386
2246	6523
2246	6524
2246	6525
2246	6526
2246	6527
2246	6528
2246	6529
2246	6530
2246	6531
2246	6532
2246	6533
2246	6534
2246	6448
2246	6535
2246	6536
2246	6537
2246	6538
2246	6539
2246	6540
2246	6541
2246	6542
2246	4727
2246	6543
2246	6544
2246	6545
2246	6546
2246	6547
2246	6548
2246	6549
2246	6550
2246	3322
2246	6551
2246	6552
2246	6553
2246	6554
2246	6555
2246	6556
2246	6557
2246	6558
2246	6559
2246	6560
2246	6561
2246	6562
2246	6563
2246	6564
2246	6565
2246	6566
2246	6567
2246	6568
2246	6569
2246	6570
2246	6571
2246	6572
2246	6573
2246	6574
2246	6575
2246	6576
2246	6577
2246	6578
2246	5509
2246	6579
2246	6580
2246	6581
2246	6582
2246	6583
2246	6584
2246	6585
2246	5526
2246	6586
2246	6587
2246	6588
2246	3445
2246	6589
2246	6590
2246	6591
2246	6592
2246	6593
2246	6594
2246	6595
2246	6596
2246	3534
2246	6597
2246	6598
2246	6599
2246	3573
2246	6600
2246	6601
2246	6602
2246	6603
2246	6604
2246	6605
2246	6606
2246	6607
2246	6608
2246	6609
2246	6610
2246	6611
2246	6612
2246	6613
2246	6614
2246	6615
2246	6616
2246	6617
2246	6618
2246	6619
2246	6620
2246	6621
2246	3955
2246	4093
2246	6622
2246	6623
2246	6624
2246	6625
2246	6626
2246	6627
2246	6628
2246	6629
2246	6630
2246	6631
2246	6632
2246	6633
2246	6634
2246	6635
2246	6636
2246	6637
2246	6638
2246	6639
2246	6640
2246	6641
2246	6642
2246	6643
2246	6644
2246	6645
2246	6646
2246	6647
2246	6648
2246	6391
2246	4005
2246	6649
2246	6650
2246	6651
2246	6652
2246	6653
2246	6654
2246	6655
2246	6656
2246	6657
2246	6658
2246	6659
2246	6660
2246	6661
2246	6662
2246	6663
2246	6664
2246	4467
2246	6665
2246	6666
2246	6667
2246	6668
2246	6669
2246	6670
2246	6474
2246	4548
2246	6671
2246	6672
2246	6673
2246	6674
2246	6675
2246	6676
2246	3473
2246	6677
2246	6678
2246	6679
2246	6680
2246	3558
2246	6681
2246	6682
2246	6683
2246	4354
2246	6684
2246	6685
2246	6686
2246	6687
2246	6688
2246	6689
2246	6139
2246	6690
2246	6691
2246	4560
1948	6692
1948	6693
1948	6694
1948	6695
1948	6696
1948	6697
1948	6698
1948	6699
1948	6700
1948	6701
1948	6702
1948	6703
1948	6704
1948	6705
1948	6706
1948	6707
1948	6708
1948	6709
1948	6710
1948	6711
1948	6712
1948	6713
1948	6714
1948	6715
1948	6716
1948	6717
1948	6718
1948	6719
1948	6720
1948	6721
1948	6722
1948	6723
1948	6724
1948	3546
1948	6725
1948	6726
1948	6727
1948	6728
1948	6729
1948	6730
1948	6731
1948	6732
1948	6733
1948	3573
1948	6734
1948	6735
1948	6736
1948	6737
1948	3575
1948	6738
1948	6739
1948	6740
1948	6741
1948	6742
1948	6743
1948	6744
1948	6745
1948	6746
1948	5334
1948	6747
1948	6748
1948	6749
1948	6750
1948	3739
1948	3740
1948	6751
1948	3581
1948	6752
1948	6753
1948	6754
1948	6755
1948	6756
1948	6757
1948	6758
1948	6759
1948	4324
1948	6760
1948	6761
1948	6762
1948	6763
1948	6764
1948	6765
1948	6766
1948	6767
1948	6768
1948	6769
1948	6770
1948	6771
1948	6772
1948	6773
2073	6774
2073	6775
2073	6776
2073	6777
2073	6778
2073	6779
2073	6780
2073	6781
2073	6782
2073	6783
2073	6784
2073	6785
2073	6786
2073	6787
2073	6788
2073	6789
2073	6790
2073	6791
2073	6792
2073	6793
2073	6794
2073	6795
2073	3269
2073	6496
2073	6796
2073	6797
2073	6798
2073	6799
2073	6800
2073	6801
2073	6802
2073	6803
2073	6804
2073	6805
2073	6806
2073	6807
2073	3386
2073	6808
2073	6809
2073	6810
2073	6811
2073	6812
2073	6813
2073	6814
2073	6815
2073	6816
2073	6817
2073	6818
2073	6819
2073	6820
2073	6821
2073	6822
2073	6823
2073	6824
2073	6421
2073	5363
2073	6825
2073	6826
2073	6827
2073	6828
2073	6829
2073	6830
2073	6831
2073	6832
2073	6833
2073	6834
2073	6835
2073	6449
2073	6836
2073	6837
2073	6838
2073	3299
2073	6839
2073	6840
2073	6841
2073	6842
2073	6843
2073	6844
2073	6845
2073	4469
2073	6846
2073	6847
2073	6848
2073	6849
2073	6850
2073	6851
2073	6852
2073	6853
2073	6854
2073	6855
2073	4966
2073	6856
2073	6857
2073	6858
2073	6859
2073	6860
2073	6861
2073	6862
2073	6863
2073	6864
2073	6865
2073	6866
2073	6867
2073	6868
2073	6869
2073	6870
2073	6871
2073	6872
2073	6873
2073	6874
2073	6875
2073	6876
2073	6877
2073	6878
2073	6879
2073	6880
2073	6881
2073	6882
2073	6883
2073	6884
2073	6490
2073	6885
2073	5360
2073	6886
2073	6887
2073	6256
2073	6888
2073	6889
2073	6890
2073	6891
2073	6892
2073	6893
2073	6894
2073	6895
2073	6896
2073	6897
2073	6898
2073	6899
2073	6900
2073	6901
2073	3851
2073	6255
2073	4965
2073	6902
2073	6903
2073	6904
2073	3322
2073	6905
2073	6906
2073	6907
2073	6908
2073	3265
2073	6909
2073	4958
2073	5420
2073	4957
2073	6910
2073	6486
2073	3349
2073	6911
2073	5429
2073	4952
2073	4953
2073	6912
2073	3360
2073	6913
2073	3838
2073	3353
2073	6452
2073	3291
2073	4960
2073	6431
2073	6453
2073	5430
2073	4954
2073	4948
2073	6914
2073	6915
2073	6916
2073	6917
2073	6918
2073	3380
2073	6495
2073	6919
2073	5433
2073	3344
2073	4004
2073	6488
2073	3361
2073	5443
2073	3355
2073	6920
2073	4963
2073	6921
2073	6922
2073	6923
2073	6454
2073	6924
2073	6428
2073	6925
2073	6926
2073	6927
2073	6928
2073	6929
2073	6930
2073	6931
2073	5417
2073	5376
2073	4971
2073	6384
2073	6932
2073	6933
2073	6934
2073	6935
2073	6936
2073	6937
2073	6938
2073	6939
2073	6940
2073	6941
2073	6942
2073	6492
2073	6494
2073	6943
2073	4972
2073	6417
2073	6944
2073	6945
2073	6946
2073	6391
2073	6947
2073	6115
2073	6948
2073	6949
2073	5428
2073	6950
2073	6375
2073	4955
2073	6951
2073	3358
2073	6952
2073	6953
2073	6409
2073	3275
2073	6954
2073	5432
2073	6955
2073	6447
2073	6956
2073	6957
2073	6958
2073	6959
2073	6960
2073	6961
2073	6962
2073	6439
2073	6366
2073	6457
2073	6422
1936	6963
1936	6964
1936	6965
1936	6966
1936	6967
1936	6968
1936	3119
1960	6969
1960	6970
1960	6971
1960	6972
1960	6973
1960	6974
1960	6975
1960	6976
1960	6977
1960	6978
1960	6979
1960	6980
1960	6981
1960	6982
1960	6983
1960	6984
1960	6985
1960	6986
1960	6987
1960	6988
1960	6989
1960	6990
1960	6991
1960	6992
1960	6993
1960	6994
1960	6995
1960	6996
1960	6997
1960	6998
1960	6999
1960	7000
1960	7001
1960	7002
1960	7003
1960	7004
1960	7005
1960	7006
1960	7007
1960	7008
1960	7009
1960	7010
1960	7011
1960	7012
1960	7013
1960	7014
1960	7015
1960	7016
1960	7017
1960	7018
1960	7019
1960	7020
1960	7021
1960	7022
1960	7023
1960	7024
1960	7025
1960	7026
1960	7027
1960	7028
1960	7029
1960	7030
1960	7031
1960	7032
1960	7033
1960	7034
1960	7035
1960	6327
1960	7036
1960	7037
1960	7038
1960	7039
1960	7040
1960	7041
1960	7042
1960	7043
1960	7044
1960	7045
1960	7046
1960	7047
1960	7048
1960	7049
1960	7050
1960	7051
1960	6823
1960	7052
1960	7053
1960	7054
1960	7055
1960	7056
1960	7057
1960	7058
1960	7059
1960	7060
1960	7061
1960	7062
1960	7063
1960	7064
1960	7065
1960	7066
1960	7067
1960	7068
1960	7069
1960	7070
1960	7071
1960	7072
1960	7073
1960	7074
1960	7075
1960	7076
1960	7077
1960	7078
1960	7079
1960	7080
1960	7081
1960	7082
1960	7083
1960	7084
1960	7085
1960	7086
1960	7087
1960	7088
1243	7089
1243	7090
1243	7091
1243	7092
1243	3308
1243	3309
1243	7093
1243	7094
1243	7095
1243	7096
1243	7097
1243	6472
1243	3261
1243	7098
1243	7099
1243	6417
1243	7100
1243	7101
1243	3480
1243	3274
1243	7102
1243	7103
1243	7104
1243	7105
1243	7106
1243	7107
1243	7108
1243	4351
1243	3491
1243	7109
1243	7110
1243	7111
1243	7112
1243	7113
1243	7114
1243	7115
1243	7116
1243	7117
1243	7118
1243	7119
1243	7120
1243	7121
1243	7122
1243	4058
1243	5432
1243	7123
1243	5452
1243	7124
1243	7125
1243	7126
1243	7127
1243	7128
1243	7129
1243	7130
1243	7131
1243	7132
1243	7133
1243	7134
1243	7135
1243	7136
1243	7137
1243	7138
1243	7139
1243	7140
1243	7141
1243	6256
1243	7142
1243	7143
1243	7144
1243	7145
1243	7146
1243	3361
1243	7147
1243	6827
1243	7148
1243	7149
1243	7150
1243	7151
1243	7152
1243	7153
1243	7154
1243	7155
1243	7156
1243	7157
1243	7158
1243	7159
1243	3538
1243	7160
1243	7161
1243	7162
1243	7163
1243	7164
1243	7165
1243	7166
1243	7167
1243	6407
1243	7168
1243	7169
1243	7170
1243	3546
1243	7171
1243	7172
1243	7173
1243	7174
1243	7175
1243	7176
1243	7177
1243	7178
1243	7179
1243	5704
1243	7180
1243	7181
1243	7182
1243	7183
1243	7184
1243	5623
1243	7185
1243	7186
1243	6455
1243	7187
1243	7188
1243	7189
1243	7190
1243	6066
1243	7191
1243	7192
1243	7193
1243	7194
1243	7195
1243	7196
1243	6399
1243	3575
1243	7197
1243	7198
1243	7199
1243	7200
1243	7201
1243	7202
1243	7203
1243	7204
1243	4560
1243	5445
1243	7205
1243	7206
1243	5620
1243	7207
1243	7208
1243	7209
1243	7210
1243	7211
1243	7212
1243	7213
1243	7214
1243	7215
1243	7216
1243	6514
1243	6390
1243	7217
1243	7218
1243	7219
1243	7220
1243	7221
1243	7222
1243	7223
1243	5355
1243	5425
1243	7224
1243	7225
1243	7226
1243	7227
1243	7228
1243	7229
1243	7230
1243	7231
1243	7232
1243	7233
1243	7234
1243	7235
1243	7236
1243	7237
1243	7238
1243	7239
1243	7240
1174	7241
1174	7242
1174	7243
1174	7244
1174	7245
1174	7246
1174	7247
1174	7248
1174	7249
1174	7250
1174	7251
1174	7252
1174	7253
1174	6163
1194	7254
1194	7255
1194	7256
1194	7257
1194	7258
1194	7259
1194	7260
1194	7261
1194	7262
1194	7263
1381	7264
1290	7265
1290	7266
1290	7267
1290	7268
1290	7269
1290	7270
1290	7271
1290	7272
1290	7273
1290	7274
1290	7275
1290	7276
1290	7277
1290	7278
1290	7279
1290	7280
1290	7281
1290	7282
1290	7283
1290	7284
1290	7285
1290	7286
1290	7287
1290	7288
1290	7289
1290	7290
1290	7291
1290	7292
1290	7293
1290	7294
1290	7295
1290	7296
1290	7297
1290	7298
1290	7299
1290	7300
1290	7301
1290	7302
1290	7303
1290	4328
1290	7304
1290	7305
1290	7306
1290	7307
1290	7308
1290	7309
1290	7310
1290	7311
1290	7312
1290	7313
1290	7314
1290	4508
1290	7315
1290	7316
1290	7317
1290	7318
1290	7319
1290	7320
1290	7321
1290	7322
1290	7323
1290	7324
1290	7325
1290	7326
1290	876
1290	7327
1290	7328
1290	6468
1290	7329
1290	7330
1290	7331
1290	7332
1290	7333
1290	7334
1290	7335
1290	7336
1290	7337
1290	7338
1290	7339
1290	7340
1290	7341
1290	7342
1290	7343
1290	7344
1290	7345
1290	7346
1290	7347
1290	7348
1290	4932
1290	6470
1290	7349
1290	7350
1290	7351
1290	7352
1290	7353
1290	7354
1290	7355
1290	7356
1290	7357
1290	6667
1290	7358
1290	7190
1290	7359
1290	7360
1290	7361
1290	7362
1290	7363
1290	7364
1290	4350
1290	7365
1290	5749
1290	7366
1290	7367
1290	7368
1290	7369
1290	7370
1290	7371
1290	7372
1290	7373
1290	5334
1290	7374
1290	7375
1290	7376
1290	7377
1290	7378
1290	7379
1290	7380
1290	7381
1290	7382
1290	6389
1290	7383
1290	7384
1290	7385
1290	7386
1290	7387
1290	7388
1290	7389
1290	7390
1290	7391
1290	7392
1290	7393
1290	7394
1290	7395
1290	7396
1290	7397
1290	7398
1290	7399
1290	7400
1290	7401
1290	7402
1290	7403
1290	7404
1290	7405
1290	7406
1290	4727
1290	3559
1290	7407
1290	7408
1290	7409
1290	7410
1290	7411
1290	7412
1290	7413
1290	7414
1290	3346
1290	7415
1290	7416
1290	7417
1290	7418
1290	7419
1290	7420
1290	7421
1290	7422
1290	6823
1290	7423
1290	7424
1290	7425
1290	7426
1290	7427
1290	7428
1290	7429
1290	7430
1290	7431
1290	7432
1290	7433
1290	7434
1290	7435
1290	7436
1290	7437
1290	7438
1290	7439
1290	7440
1290	7441
1290	7442
1290	7443
1290	7444
1290	7445
1290	7446
1290	7447
1290	7448
1290	7449
1290	7450
1290	7451
1290	7452
1290	7453
1290	7454
1290	7455
1290	7456
1290	7457
1290	7458
1290	7459
1290	7460
1290	7461
1290	7462
1290	7463
1290	7464
1290	7465
1290	7466
1290	7467
1290	4015
1290	7468
1290	7469
1290	7470
1290	7471
1290	7472
1290	7473
1290	7474
1290	7475
1290	7476
1290	7477
1290	7478
1290	7479
1290	7480
1290	7481
1290	7482
1290	7483
1290	7484
1290	7485
1290	7486
1290	7487
1290	7488
1290	7489
1290	7490
1290	7491
1290	7492
1290	7493
1290	7494
1290	7495
1290	7496
1290	7497
1290	7498
1290	7499
1290	7500
1290	7501
1290	7502
1290	7503
1290	7504
1290	7505
1290	7506
1290	7507
1290	7508
1290	7509
1290	7510
1290	7511
1290	7512
1290	7513
1290	4435
1290	7514
1290	7515
1290	7516
1290	7517
1290	7518
1290	7519
1290	4424
1290	7520
1290	7521
1290	7522
1290	7523
1290	7524
1290	7525
1290	7526
1290	7527
1290	7528
1290	7529
1290	7530
1290	7531
1290	7532
1290	7533
1290	4947
1290	7534
1290	7535
1290	7536
1290	7537
1290	7538
1290	7539
1290	7540
1290	7541
1290	7542
1290	7543
1290	7544
1290	7545
1290	7546
1290	7547
1290	7548
1290	7549
1290	7550
1290	7551
1290	7552
1290	7553
1290	7554
1290	7555
1290	7556
1290	7557
1290	7558
1290	7559
1290	7560
1290	7561
1290	7562
1290	7563
1290	7564
1290	7565
1290	7566
1290	7567
1290	7568
1290	7569
1290	7570
1290	7571
1290	7572
1290	7573
1290	7574
1290	7575
1290	7576
1290	7577
1290	7578
1290	7579
1290	7580
1290	7581
1290	7582
1290	5707
1290	7583
1290	7584
1290	7585
1290	7586
1290	7587
1290	7588
1290	7589
1290	6457
1290	7590
1290	7591
1290	7592
1290	7593
1290	7594
1290	7595
1290	7596
1290	7597
1290	7598
1290	7599
1290	7600
1290	7601
1290	7602
1290	7603
1290	7604
1290	7605
1290	7606
1290	7607
1290	7608
1290	7609
1290	7610
1290	7611
1290	7612
1290	7613
1290	7614
1290	7615
1290	7616
1290	3306
1290	7617
1290	7618
1290	7619
1290	7620
1290	7113
1290	7621
1290	7622
1290	7623
1290	7624
1290	7625
1290	7626
1290	7627
1290	7628
1290	5433
1290	7629
1290	7630
1290	7631
1290	7632
1290	7633
1290	7634
1290	7635
1290	7636
1290	7637
1290	7638
1290	4971
1290	7639
1290	7640
1290	7641
1290	7642
1290	7643
1290	7644
1290	7645
1290	6342
1290	3269
1290	7646
1290	7647
1290	7648
1290	7649
1290	7650
1290	7651
1290	7652
1290	7653
1290	7654
1290	5376
1290	7655
1290	7656
1290	7657
1290	6455
1290	7658
1290	7659
1290	4354
1290	7660
1290	7661
1290	7662
1290	7663
1290	7664
1290	7665
1290	7666
1290	7667
1290	7668
1290	7669
1290	7670
1290	7671
1290	7672
1290	7673
1290	7674
1290	7675
1290	7676
1290	7677
1290	7678
1290	7679
1290	7680
1290	7681
1290	7682
1290	7683
1290	7193
1290	7684
1290	7685
1290	4560
1290	7686
1290	7687
1290	7688
1290	7689
1290	7690
1290	5269
1290	7691
1290	7692
1290	7693
1290	7694
1290	7695
1290	7696
1290	7697
1290	7698
1290	7699
1290	7700
1290	7701
1290	7702
1290	7703
1290	7704
1290	7705
1290	7706
1290	7707
1290	7708
1290	7709
1290	7710
1290	7711
1290	7712
1290	7713
1290	7714
1290	7715
1290	7716
1290	7717
1290	7718
1290	7719
1290	7720
1290	7721
1290	7722
1290	7723
1290	7724
1290	7725
1290	7726
1290	7727
1290	7728
1290	7729
1290	7730
1290	7050
1290	7731
1290	7732
1290	7733
1290	7734
1290	7735
1290	7736
1290	7737
1290	7738
1290	7739
1290	7740
1290	7741
1290	7742
1290	7743
1290	7744
1290	7745
1290	7746
1290	7747
1290	7748
1290	7749
1290	7750
1290	7751
1290	7752
1290	7753
1290	7754
1290	7755
1290	7756
1290	7757
1290	7758
1290	7759
1290	7760
1290	7761
1290	7762
1169	7763
1169	7764
1169	7765
1169	7766
1169	7767
1169	7768
1169	7769
1169	7770
1169	7771
1169	7772
1169	7773
1169	7774
1169	7775
1169	7776
1169	7777
1169	7778
1169	7779
1169	7780
1169	7760
1169	7781
1169	7782
1169	7783
1169	7784
1169	7785
1169	7786
1169	7787
1169	7788
1169	7789
1169	3655
1169	7790
1169	7791
1169	7792
1169	7793
1169	7794
1169	7795
1169	7796
1169	7797
1169	7798
1169	7799
1169	7800
1169	7801
1169	7802
1169	7803
1169	3455
1169	7804
1169	7805
1169	7806
1169	7807
1169	7808
1169	7809
1169	7810
1169	7811
1169	7812
1169	7813
1169	7814
1169	7815
1169	7816
1169	7817
1169	7818
1169	7819
1169	7820
1169	7821
1169	7822
1169	7823
1169	7824
1169	7825
1169	7826
1169	7827
1169	7828
1169	7829
1169	7830
1169	7831
1169	7832
1169	7833
1169	7834
1169	7835
1169	7836
1169	7837
1169	7838
1169	7839
1169	7840
1169	7841
1169	7842
1169	7843
1169	7844
1169	7845
1169	7846
1169	7847
1169	7848
1169	7849
1169	7850
1169	7851
1169	7852
1169	7853
1169	7854
1169	7855
1169	7856
1169	7857
1169	7858
1169	7859
1169	7860
1169	7861
1169	7862
1169	7863
1169	7864
1169	7865
1169	7866
1169	7867
1169	7868
1169	7869
1169	7870
1169	7871
1169	7872
1169	7873
1169	7874
1169	7875
1169	7876
1169	7877
1169	7878
1169	7879
1169	7880
1169	7881
1169	7882
1169	7883
1169	7884
1169	7885
1169	7886
1169	7887
1169	7888
1169	7889
1169	7890
1169	7891
1169	7892
1169	7893
1169	7894
1169	7895
1169	7896
1169	7897
1169	7898
1169	7899
1169	7900
1169	7901
1169	7902
1169	7903
1169	7904
1169	7905
1169	7906
1169	7907
1169	7908
1169	7909
1169	7910
1169	7911
1169	7912
1169	7913
1169	7914
1169	7915
1169	7916
1169	7917
1169	7918
1169	7919
1169	7920
1169	7921
1169	7922
1736	7923
1736	7924
1736	5995
1736	7925
1736	7926
1736	7927
1736	7928
1736	7929
1736	7930
1736	7931
1736	7932
1736	7933
1736	7934
1736	7935
1736	7936
1736	7937
1736	7938
1736	7939
1736	7940
1736	7941
1736	6256
1736	4452
1736	7942
1736	7943
1736	7944
1736	7945
1736	7946
1736	7947
1736	7948
1736	7949
1736	7950
1736	7951
1736	7952
1736	7953
1736	7954
1736	7955
1736	7956
1736	7957
1736	7958
1736	7959
1736	7960
1736	7961
1736	7962
1736	7963
1736	7964
1736	7965
1736	7966
1736	7967
1736	7968
1736	7969
1736	7970
1736	7971
1736	7972
1736	7973
1736	7974
1736	7975
1736	7976
1736	7977
1736	7978
1736	7979
1736	7980
1736	7981
1736	4559
1736	7982
1736	7983
1736	7984
1736	7985
1736	7986
1736	7987
1736	7988
1736	7989
1736	7990
1736	7991
1736	7992
1736	7993
1736	7994
1736	7995
1736	7996
1736	7997
1736	7998
1736	7999
1736	8000
1736	8001
1736	8002
1736	8003
1736	8004
1736	8005
1736	8006
1736	8007
1736	8008
1736	8009
1736	8010
1736	8011
1736	8012
1736	8013
1736	8014
1736	8015
1736	8016
1736	8017
1736	8018
1736	8019
1736	8020
1736	8021
1736	8022
1736	8023
1736	8024
1736	8025
1736	8026
1736	8027
1736	8028
1736	8029
1736	8030
1736	8031
1736	8032
1736	8033
1736	8034
1736	8035
1754	8036
1754	8037
1754	8038
1688	8039
1577	8040
1577	8041
1619	757
1619	1065
1619	8042
1619	8043
1619	8044
1619	8045
1619	8046
1619	8047
1619	8048
1619	8049
1619	4631
1619	8050
1619	8051
1619	8052
1619	8053
1619	2879
1656	8054
1656	8055
1656	8056
1656	8057
1656	8058
1656	8059
1656	8060
1656	8061
1656	8062
1656	8063
1656	8064
1656	8065
1656	8066
1656	8067
1690	8068
1690	8069
1690	8070
1690	8071
1690	8072
1690	8073
1690	8074
1690	8075
1690	8076
1690	8077
1690	8078
1690	8079
1690	8080
1690	8081
1690	8082
1690	8083
1690	375
1690	8084
1690	8085
1690	8086
1690	8087
1690	8088
1690	8089
1690	8090
1690	8091
1690	8092
1690	8093
1690	8094
1690	8095
1690	8096
1690	8097
1690	8098
1690	8099
1690	8100
1690	8101
1690	8102
1690	8103
1690	8104
1690	8105
1690	8106
1690	8107
1690	8108
1690	8109
1690	8110
1690	8111
1690	8112
1690	8113
1690	8114
1690	8115
1690	8116
1690	8117
1690	8118
1690	8119
1690	8120
1690	8121
1690	8122
1690	8123
1690	1834
1690	8124
1690	8125
1690	8126
1690	8127
1690	8128
1690	8129
1690	8130
1690	8131
1690	8132
1590	8133
1590	8134
1590	8135
1590	8136
1590	2642
1590	8137
3191	8138
3191	8139
3191	8140
3191	8141
3191	8142
3191	6550
3191	8143
3191	8144
3191	8145
3191	8146
3191	8147
3191	8148
3191	5526
3191	8149
3191	8150
3191	8151
3191	6952
3191	8152
3191	8153
3191	8154
3191	8155
3191	8156
3191	8157
3191	8158
3191	8159
3191	8160
3191	8161
3191	8162
3191	8163
3191	8164
3191	8165
3191	8166
3191	8167
3191	8168
3191	8169
3191	8170
3191	8171
3191	8172
3191	8173
3191	8174
3191	8175
3191	8176
3191	8177
3191	8178
3191	8179
3191	8180
3191	8181
3191	8182
3191	8183
3191	8184
3191	8185
3191	8186
3191	8187
3191	8188
3191	2920
3191	8189
3191	8190
3191	8191
3191	8192
3191	8193
3191	8194
3191	8195
3191	8196
3191	8197
3191	726
3191	8198
3191	8199
3191	8200
3191	8201
3191	8202
3191	8203
3191	8204
3191	8205
3191	8206
3191	8207
3191	8208
3191	8209
3191	8210
3191	8211
3191	8212
3191	8213
3191	8214
3191	8215
3191	8216
3191	8217
3191	8218
3191	8219
3191	8220
3191	8221
3191	8222
3191	8223
3191	8224
3191	8225
3191	8226
3191	8227
3191	8228
3191	8229
3191	8230
3191	8231
3191	8232
3191	8233
3191	4271
3191	8234
3191	8235
3191	1810
3191	8236
3191	8237
3191	8238
3191	8239
3191	8240
3191	8241
3191	8242
3191	8243
3191	8244
3191	8245
3191	8246
3191	8247
3191	8248
3191	8249
3191	8250
3191	8251
3191	8252
3191	8253
3191	8254
3191	8255
3191	8256
3191	8257
3191	8258
3191	3344
3191	8259
3191	8260
3191	8261
3191	8262
3191	8263
3191	8264
3191	8265
3191	8266
3191	8267
3191	8268
3191	8269
3191	8270
3176	8271
3170	8272
3170	8273
3183	8274
3183	8275
3183	8276
3183	8277
3183	8278
3183	8279
3183	8280
3183	8281
3183	4564
3183	8282
3183	8283
3183	8284
3183	6492
3183	8285
3183	8286
3183	6833
3183	8287
3183	8288
3183	8289
3183	8290
3183	8291
3183	8292
3183	8293
3183	8294
3183	8295
3183	8296
3183	8297
3183	3299
3183	8298
3183	8299
3183	8300
3183	8301
3183	8302
3183	8303
3183	8304
3183	3496
3183	3495
3183	3499
3183	8305
3183	8306
3183	8307
3183	8308
3183	8309
3183	8310
3183	8311
3183	8312
3183	8313
3183	8314
3183	8315
3183	8316
3183	8317
3183	8318
3183	8319
3183	8320
3183	8321
3183	8322
3183	8323
3183	8324
3183	6496
3183	8325
3183	8326
3183	8327
3183	8328
3183	6823
3183	8329
3183	8330
3183	8331
3183	8332
3183	8333
3183	8334
3183	1576
3183	8335
3183	8336
3183	8337
3183	8338
3183	8339
3183	8340
3183	7330
3183	4955
3183	8341
3183	8342
3183	8343
3183	8344
3183	6904
3183	8345
3183	8346
3183	8347
3183	6837
3183	8348
3183	7614
3183	8349
3183	8350
3183	8351
3183	8352
3183	6494
3183	8353
1009	8354
1009	5433
1009	6487
1009	3269
1009	7215
1009	8355
1009	6456
1009	4963
1009	4958
1009	8356
1009	8357
1009	6906
1009	8358
1009	5430
1009	8359
1009	8360
1009	8361
1009	8362
1009	8363
1009	8364
1009	8365
1009	8366
1009	8367
1009	8368
1009	8369
1009	8370
1009	8371
1009	8372
1009	8373
1009	8374
1009	8375
1009	8376
1009	8377
834	8378
834	5504
834	8379
834	8380
834	8381
834	8382
834	8383
834	8384
834	8385
834	3913
834	7290
834	7284
834	8386
834	8387
834	8388
834	8389
834	8390
834	8391
834	8392
834	8393
834	8394
834	8395
834	8396
834	8397
834	7347
834	8398
834	8399
834	8400
834	8401
834	8402
834	8403
834	8404
834	8405
834	8406
834	8407
834	8408
834	8409
834	8171
834	8410
834	8411
834	8412
834	8413
834	8414
834	8415
834	8416
834	8417
834	8418
834	8304
834	8419
834	8420
834	8421
834	8422
834	8423
834	8424
834	8425
834	8426
834	8427
834	8428
834	8429
834	8430
834	8431
834	8432
834	8433
834	8434
834	8435
834	8436
834	5452
834	8437
834	3272
834	8438
834	8439
834	8440
834	8441
834	8442
834	8443
834	8444
834	8445
834	8446
834	8447
834	8448
834	8449
834	8450
834	8451
834	8452
834	8453
834	8454
834	8455
834	8456
834	8457
834	8458
834	8459
834	8460
834	8461
834	8462
834	8463
834	8464
834	8465
834	8466
834	3361
834	8467
834	8468
834	7348
834	8469
834	6667
834	8470
834	8471
834	8472
834	8473
834	8474
834	8475
834	8476
834	8477
834	8478
834	8479
834	8480
834	8481
834	8482
834	8483
834	8484
834	8485
834	8486
834	8487
834	8488
834	8489
834	8490
834	8491
834	8492
834	8493
834	8494
834	8495
834	8496
834	8497
834	8498
834	2881
834	8499
834	8500
834	8501
834	8502
834	8503
834	8504
834	8505
834	8506
834	8507
834	8508
834	8509
834	8510
834	1307
834	8511
834	8512
834	8513
834	8514
834	8515
834	8516
834	8517
834	8518
834	8519
834	8520
834	8521
834	8522
834	8523
834	8524
834	8525
834	8526
834	8527
834	8528
834	8529
834	8530
834	8531
834	3321
834	8532
834	8533
834	8534
834	8535
834	4948
834	8536
834	8537
834	8538
834	8539
834	3534
834	8540
834	8541
834	8542
834	5443
834	8543
834	8544
834	8545
834	8546
834	8547
834	8548
834	8549
834	3583
834	8550
834	8551
834	7381
834	8552
834	8553
834	8554
834	8555
834	8556
834	4271
834	8557
834	8558
834	8559
834	8560
834	8561
834	8562
834	8563
834	8564
834	8565
834	8566
834	8567
834	8568
834	8569
834	8570
834	8571
834	8572
834	8573
834	8574
834	8575
834	8576
834	8577
834	3380
834	8578
834	8579
834	8580
834	8581
834	8582
834	8583
834	8584
834	8585
834	8586
834	8587
834	8588
834	8589
834	8590
834	8591
834	8592
834	6418
834	8593
834	8594
834	7561
834	8595
834	8596
834	8597
834	8598
834	3585
834	4239
834	8599
834	8600
834	8601
834	8602
834	8603
834	8604
834	8605
834	8606
834	6446
834	4727
834	8607
834	8608
834	6495
834	4971
834	4952
834	8609
834	8610
834	8611
834	7511
834	8612
834	8613
834	8614
834	8615
834	8616
834	8617
834	8618
834	8619
834	8620
834	8621
834	8622
834	8623
834	8624
834	3495
834	5562
834	3496
834	5711
834	8625
834	8626
834	8627
834	8628
834	8629
834	8630
834	7496
834	8631
834	8632
834	8633
834	8634
834	8635
834	8636
834	8637
834	8638
834	8639
834	8640
834	8641
834	8642
834	8643
834	4406
834	7488
834	8644
834	8645
834	8646
834	8647
834	8648
834	8649
834	8650
834	3838
834	6927
834	8651
834	8652
834	8653
834	8654
834	8655
834	8656
834	8657
834	8658
834	3540
834	8659
834	8660
834	8661
834	8662
834	8663
834	8664
834	8665
834	4093
834	8666
834	8667
834	8668
834	7107
834	8669
834	6260
834	8670
834	8671
834	6443
834	5953
834	6415
834	8672
834	6466
834	8673
834	8674
834	8675
834	8676
834	8677
834	8678
834	8679
834	6760
834	8680
834	8681
834	8682
834	8683
834	8684
834	8685
834	8686
834	8687
834	8688
834	6451
834	8689
834	8690
834	8691
834	8692
834	8693
834	8354
834	8694
834	8695
834	6429
834	8696
834	8697
834	8698
834	8699
834	8700
834	8701
834	8702
834	8703
834	5355
834	8704
834	8705
834	8706
834	8707
834	8708
834	8709
834	8710
834	4947
834	5433
834	8711
834	8712
834	6843
834	6513
834	3291
834	8713
834	8714
834	8715
834	8716
834	8717
834	8718
834	8719
834	8720
834	8721
834	6541
834	8722
834	8723
834	8724
834	8725
834	8726
834	8727
834	8728
834	8729
834	8730
834	6919
834	8731
834	8732
834	8733
834	3381
834	8734
834	8735
834	8736
834	8737
834	8738
834	8739
834	8740
834	6750
834	6383
834	5787
834	3846
834	8741
834	8742
834	8743
834	8744
834	4963
834	6445
834	8358
834	8745
834	8746
834	8747
834	8748
834	8749
834	8750
834	8751
834	8752
834	8753
834	8754
834	8755
834	8756
834	6955
834	8757
834	4452
834	8758
834	8759
834	8760
834	8761
834	8762
834	5382
834	8763
834	8764
834	8765
834	8766
834	8767
834	8768
834	8769
834	8176
834	8770
834	8771
834	8772
834	8773
834	8774
834	8775
834	8776
834	8777
834	8778
834	8779
834	4029
834	8780
834	8781
834	3885
834	4966
834	8782
834	3267
834	8783
834	8784
834	8785
834	8786
834	8787
834	8788
834	8789
834	8790
834	4560
834	4553
834	8791
834	4968
834	3386
834	8792
834	4954
834	8793
834	8794
834	8795
834	8796
834	8797
834	8798
834	8799
834	8800
834	8801
834	8802
834	5379
834	8803
834	8804
834	8805
834	8806
834	6399
834	8807
834	6115
834	8808
834	8809
834	8810
834	8811
834	8812
834	8813
834	8814
834	2650
834	8815
834	8816
834	8817
834	8818
834	8819
834	8820
834	8821
890	8822
890	8823
890	8824
890	8825
890	8826
890	8827
890	8828
890	8829
890	8830
890	8831
890	8832
890	8833
890	8834
890	8835
890	8836
890	8837
890	8838
890	8839
890	8840
890	8841
890	8842
890	8843
890	8844
890	1683
890	8845
890	8846
890	8847
890	8848
890	8849
890	8850
890	8851
890	8852
890	8853
890	8854
890	8855
890	8856
890	8857
890	8858
890	8859
890	8860
890	8861
890	8862
890	8863
890	8864
890	8865
890	8866
890	8867
890	8868
890	8869
890	8870
890	8871
890	8872
890	8873
890	8874
890	8875
890	8876
890	8648
890	8877
890	8878
890	8879
890	8880
2729	8881
2729	8882
2729	8883
2729	5445
2729	6691
2729	8884
2729	8885
2729	7197
2729	8886
2729	8887
2729	8888
2729	8889
2729	8890
2729	8891
2729	8892
2729	8893
2729	8894
2729	8895
2729	8896
2729	8897
2729	8898
2729	8899
2729	8900
2729	8901
2729	8902
2729	8903
2729	8904
2729	8905
2729	8906
2729	3885
2729	3356
2729	6911
2729	3352
2729	4966
2729	8907
2612	8908
2612	8909
2612	1248
2612	8910
2612	8911
2612	8912
2612	8913
2612	8914
2612	8915
2612	8916
2612	8917
2612	8918
2612	8919
2612	8920
2612	6919
2612	6834
2612	8921
2612	5620
2612	8922
2612	6429
2612	8923
2612	6423
2612	6419
2612	8924
2612	8925
2612	8926
2612	8927
2612	8928
2612	8929
2612	8930
2612	8931
2612	8932
2612	6513
2612	8933
2612	8934
2612	3267
2612	4969
2612	8935
2612	8936
2612	8937
2612	8938
2612	3275
2612	8939
2612	8940
2612	4004
2612	8941
2612	8942
2612	4401
2612	8943
2612	8944
2612	4029
2612	8945
2612	8946
2612	8947
2612	8948
2612	8949
2612	8950
2612	8951
2612	8952
2612	8953
2612	8954
2612	8955
2612	8956
2612	8957
2612	8958
2612	8959
2612	7625
2612	6433
2612	6383
2612	5431
2612	6404
2612	5433
2612	5526
2612	8624
2612	8960
2612	8961
2612	8962
2612	8963
2612	8964
2612	8965
2612	8966
2612	8967
2612	8968
2612	8969
2612	8970
2612	8971
2612	8972
2612	8973
2612	8974
2612	8975
2612	8976
2612	8977
2612	8978
2612	8979
2612	8980
2612	8981
2612	8982
2612	8983
2612	8984
2612	8493
2612	8985
2612	8736
2612	8354
2612	8740
2612	6384
2612	8986
2612	8987
2612	8988
2612	5248
2612	8989
2612	8990
2612	8991
2612	8992
2612	8993
2612	8994
2612	8995
2612	8996
2612	8997
2612	8998
2612	3578
2612	5955
2612	4967
2612	8999
2612	9000
2612	4727
2612	9001
2612	9002
2612	9003
2612	9004
2612	9005
2612	9006
2612	9007
2612	9008
2612	9009
2612	9010
2612	6389
2612	9011
2612	9012
2612	8356
2612	4952
2612	6457
2612	9013
2612	9014
2612	4884
2612	5417
2612	6488
2612	4953
2612	5429
2612	6486
2612	9015
2612	8340
2612	4968
2612	8808
2612	9016
2612	9017
2612	9018
2612	3571
2612	9019
2612	6005
2612	6734
2612	3557
2612	4507
2612	6912
2612	9020
2612	6392
2612	9021
2612	6343
2612	9022
2612	6407
2612	9023
2612	9024
2612	9025
2612	6393
2612	5443
2612	9026
2612	9027
2612	3380
2612	7200
2612	6417
2612	4941
2612	9028
2612	9029
2612	9030
2612	6256
2612	6442
2612	6446
2612	3253
2612	5375
2612	9031
2612	6667
2612	4823
3147	9032
3147	9033
3147	9034
3147	2867
3147	9035
3147	9036
3147	9037
3160	9038
3160	9039
3160	9040
3159	9041
3159	9042
3159	9043
3159	9044
3159	9045
3159	3585
3159	9046
3159	9047
3159	9048
3159	9049
3159	8917
3159	3496
3159	9050
3159	9051
3159	9052
3159	9053
3159	9054
3159	9055
3159	9056
3159	9057
3159	9058
3159	9059
3159	9060
3159	9061
3159	9062
3159	9063
3159	9064
3159	9065
3159	9066
3159	9067
3159	9068
3159	9069
3159	9070
3159	9071
3159	9072
3159	9073
3159	9074
3159	9075
3159	9076
3159	9077
3159	3380
3159	9078
3159	2767
3159	9079
3159	8781
3159	9080
3159	8284
3159	8285
3159	9081
3159	9082
3159	9083
3159	8343
3159	9084
3159	3480
3159	9085
3159	9086
3159	9087
3159	9088
3159	9089
3159	9090
3159	9091
3159	9092
3159	9093
3159	9094
3159	6506
3159	9095
3159	8351
3159	9096
3159	9097
3159	9098
3159	9099
3159	9100
3159	9101
3159	9102
3159	9103
3159	9104
3159	9105
3159	6573
3159	9106
3159	9107
3159	4560
3159	9108
3159	9109
3159	9110
3159	9017
3159	9111
3159	9112
3159	9113
3159	9114
3159	9115
3159	9116
3159	9117
3159	9118
3159	9119
3159	6049
3159	6147
3159	9120
3159	4967
3159	6445
3159	9121
3159	9122
3159	9123
3159	6456
3159	4970
3159	6639
3159	4950
3159	9124
3159	8637
3159	3352
3159	5433
3159	6389
3159	9125
3159	4972
3159	4963
3159	9126
3159	4954
3159	3353
3159	9127
3159	4947
3159	5430
3159	9128
3159	3838
3159	5379
3159	5431
3159	6115
3159	9129
3159	9130
3159	9131
3159	6431
3159	5620
3159	9132
3159	6871
3159	3358
3159	6381
3159	4966
3159	6451
2971	9133
2971	9134
2971	9135
3136	9136
3136	9137
3136	9138
3136	9139
3136	9140
3136	9141
3136	9142
3136	9143
3136	9144
3136	9145
3136	9146
3136	9147
3136	9148
3136	9149
3136	9150
3136	9151
3136	9152
3136	9153
3136	9154
3136	9155
3136	9156
3136	9157
3136	9158
3136	9159
3136	9160
3136	9161
3136	9162
3136	9163
3136	9164
3136	9165
3136	9166
3136	9167
3136	9168
3136	9169
3136	9170
3136	9171
3136	9172
3136	9106
3136	9173
3136	9174
3136	9175
3136	9176
3136	9177
3136	9178
3136	9179
3136	9180
3136	9181
3136	9182
3136	9183
3136	8688
3136	9184
3136	9185
3136	9186
3136	9187
3136	9188
3136	9189
3136	4775
3136	9190
3136	9191
3136	9192
3136	9193
3136	9194
3136	9195
3136	9196
3136	9197
3136	9198
3136	9199
3136	9200
3136	9201
3136	9202
3136	8735
3136	8233
3136	9203
3136	5887
3136	9204
3136	9205
3136	9206
3136	9207
3136	9208
3136	9209
3136	9210
3136	9211
3136	9212
3136	9213
3136	8354
3136	9214
3136	3359
3136	9215
3136	7441
3136	3344
3136	9216
3136	9217
3136	4283
3136	9218
3136	9219
3136	9220
3136	9221
3136	9222
3136	7201
3136	9223
3136	9224
3136	9225
3136	5947
3136	9226
3136	9227
3136	9228
3136	9229
3136	9230
3136	3609
3136	9231
3136	3308
3136	3309
3136	9232
3136	9233
3136	9234
3136	3267
3136	9235
3136	9236
3136	9237
3136	9238
3136	9239
3136	3326
3136	9240
3136	9241
3136	9242
3136	9243
3136	9244
3136	9245
3136	9246
3136	9247
3136	9248
3136	8165
3136	9249
3136	9250
3136	9251
3136	9252
3136	9253
3136	9254
3136	9255
3136	9256
3136	9257
3136	9258
3136	9259
3136	9260
3136	9261
3136	9262
3136	9263
3136	9264
3136	9265
3136	9266
3136	9267
3136	9268
3136	9269
3136	9270
3136	9271
3136	9272
3136	9273
3136	9274
3136	9275
3136	9276
3136	9277
3136	9278
3136	9279
3136	9280
3136	9281
3136	9282
3136	9283
3136	9284
3136	9285
3136	9286
3136	9287
3136	9288
3136	9289
3136	9290
3136	9291
3136	9292
3136	9293
3136	9294
3136	9295
3136	9296
3136	9297
3136	9298
3136	9299
3136	9300
3136	9301
3136	9302
3136	9303
3136	9304
3136	9305
3136	9306
3136	9307
3136	9308
3136	9309
3136	9310
3136	9311
3136	9312
3136	9313
3136	9314
3136	9315
3136	9316
3136	9317
3136	9318
3136	9319
3136	9320
3136	9321
3136	9322
3136	9323
3136	9324
3136	9325
3136	9326
3136	9327
3136	9328
3136	9329
3136	9330
3136	9331
3136	9332
3136	9333
3136	9334
3136	9335
3136	9336
3136	9337
3136	9338
3136	9339
3136	9340
3136	9341
3136	9342
3136	9343
3136	9344
3136	9345
3136	9346
3136	9347
3136	9348
3136	9349
3136	9350
3136	9351
3136	9352
3136	9353
3136	9354
3136	9355
3136	9356
3136	9357
3136	9358
3136	9359
3136	9360
3136	9361
3136	9362
3136	9363
3136	9364
3136	9365
3136	9366
3136	9367
3136	9368
3136	9369
3136	9370
3136	9371
3136	9372
3136	9373
3136	9374
3136	9375
3136	9376
3136	9377
3136	9378
3136	9379
3136	9380
3136	9381
3136	9382
3136	9383
3136	9384
3136	9385
3136	9386
3136	9387
3136	9388
3136	9389
3136	9390
3136	9391
3136	9392
3136	9393
3136	9394
3136	9395
3136	9396
3136	9397
3136	9398
3136	9399
3136	9400
3136	9401
3136	9402
3136	9403
3136	9404
3136	9405
3136	9406
3136	9407
3136	9408
3136	9409
3136	9410
3136	9411
3136	9412
3136	9413
3136	9414
3136	9415
3136	9416
3136	9417
3136	9418
3136	9419
3136	9420
3136	9421
3136	9422
3136	9423
3136	9424
3136	9425
3136	9426
3136	9427
3136	9428
3136	9429
3136	9430
3136	9431
3136	9432
3136	9433
3136	9434
3136	9435
3136	9436
3136	9437
3136	9438
3136	9439
3136	9440
3136	9441
3136	9442
3136	9443
3136	9444
3136	9445
3136	9446
3136	9447
3136	9448
3136	9449
3136	9450
3136	9451
3136	9452
3136	9453
3136	9454
3136	9455
3136	9456
3136	9457
3136	9458
3136	9459
3136	9460
3136	9461
3136	9462
3136	9463
3136	9464
3136	9465
3136	9466
3136	9467
3136	9468
3136	9469
3136	9470
3136	9471
3136	9472
3136	9473
3136	9474
3136	9475
3136	9476
3136	9477
3136	9478
3136	9479
3136	9480
3136	9481
3136	9482
3136	9483
3136	9484
3136	9485
3136	9486
3136	9487
3136	9488
3136	9489
3136	9490
3136	9491
3136	9492
3136	9493
3136	9494
3136	9495
3136	9496
3136	9497
3136	9498
3136	9499
3136	9500
3136	9501
3136	9502
3136	9503
3136	9504
3136	9505
3136	9506
3136	9507
3136	9508
3136	9509
3136	9510
3136	9511
3136	9512
3136	9513
3136	9514
3136	9515
3136	9516
3136	9517
3136	9518
3136	9519
3136	9520
3136	9521
3136	9522
3136	9523
3136	9524
3136	9525
3136	9526
3136	9527
3136	9528
3136	9529
3136	9530
3136	9531
3136	9532
3136	9533
3136	9534
3136	9535
3136	9536
3136	9537
3136	9538
3136	9539
3136	9540
3136	9541
3136	9542
3136	9543
3136	9544
3136	9545
3136	9546
3136	9547
3136	9548
3136	9549
3136	9550
3136	9551
3136	9552
3136	9553
3136	9554
3136	9555
3136	9556
3136	9557
3136	9558
3136	9559
3136	9560
3136	9561
3136	9562
3136	9563
3136	9564
3136	9565
3136	9566
3136	9567
3136	9568
3136	9569
3136	9570
3136	9571
3136	9572
3136	9573
3136	9574
3136	9575
3136	9576
3136	9577
3136	9578
3136	9579
3136	9580
3136	9581
3136	9582
3136	9583
3136	9584
3136	9585
3136	9586
3136	9587
3136	9588
3136	9589
3136	9590
3136	9591
3136	9592
3136	9593
3136	9594
3136	9595
3136	9596
3136	9597
3136	9598
3136	9599
3136	9600
3136	9601
3136	9602
3136	9603
3136	9604
3136	9605
3136	9606
3136	9607
3136	9608
3136	9609
3136	9610
3136	9611
3136	9612
3136	9613
3136	9614
3136	9615
3136	9616
3136	9617
3136	9618
3136	9619
3136	9620
3136	9621
3136	9622
3136	9623
3136	9624
3136	9625
3136	9626
3136	9627
3136	9628
3136	9629
3136	9630
3136	9631
3136	9632
3136	9633
3136	9634
3136	9635
3136	9636
3136	9637
3136	9638
3136	9639
3136	9640
3136	9641
3136	9642
3136	9643
3136	9644
3136	9645
3136	9646
3136	9647
3136	9648
3136	9649
3136	9650
3136	9651
3136	9652
3136	9653
3136	9654
3136	9655
3136	9656
3136	9657
3136	9658
3136	9659
3136	9660
3136	9661
3136	9662
3136	9663
3136	9664
3136	9665
3136	9666
3136	9667
3136	9668
3136	9669
3136	9670
3136	9671
3136	9672
3136	9673
3136	9674
3136	9675
3136	9676
3136	9677
3136	9678
3136	9679
3136	9680
3136	9681
3136	9682
3136	9683
3136	9684
3136	9685
3136	9686
3136	9687
3136	9688
3136	9689
3136	9690
3136	9691
3136	9692
3136	9693
3136	9694
3136	9695
3136	9696
3136	9697
3136	9698
3136	9699
3136	9700
3136	9701
3136	9702
3136	9703
3136	9704
3136	9705
3136	9706
3136	9707
3136	9708
3136	9709
3136	9710
3136	9711
3136	9712
3136	9713
3136	9714
3136	9715
3136	9716
3136	9717
3136	9718
3136	9719
3136	9720
3136	9721
3136	9722
3136	9723
3136	9724
3136	9725
3136	9726
3136	9727
3136	9728
3136	9729
3136	9730
3136	9731
3136	9732
3136	9733
3136	9734
3136	9735
3136	9736
3136	9737
3136	9738
3136	9739
3136	9740
3136	9741
3136	9742
3136	9743
3136	9744
3136	9745
3136	9746
3136	9747
3136	9748
3136	9749
3136	9750
3136	9751
3136	9752
3136	9753
3136	9754
3136	9755
3136	9756
3136	9757
3136	9758
3136	9759
3136	9760
3136	9761
3136	9762
3136	9763
3136	9764
3136	9765
3136	9766
3136	9767
3136	9768
3136	9769
3136	9770
3136	9771
3136	9772
3136	9773
3136	3832
3136	9774
3136	9775
3136	9776
3136	9777
3136	9778
3136	9779
3136	9780
3136	9781
3136	9782
3136	9783
3136	9784
3136	9785
3136	9786
3136	9787
3136	9788
3136	9789
3136	9790
3136	9791
3136	9792
3136	9793
3136	9794
3136	5953
3136	7571
3136	9795
3136	9796
3136	9797
3136	9798
3136	9799
3136	9800
3136	9801
3136	4507
3136	9802
3136	9803
3136	9804
3136	4271
3136	9805
3136	9806
3136	9807
3136	9808
3136	9809
3136	9810
3136	9811
3136	9812
3136	9813
3136	9814
3136	9815
3136	9816
3136	9817
3136	9818
3136	9819
3136	9820
3136	9821
3136	9822
3136	9823
3136	9824
3136	9825
3136	9826
3136	9827
3136	9828
3136	9829
3136	9830
3136	9831
3136	9832
3136	9833
3136	9834
3136	9835
3136	9836
3136	9837
3136	9838
3136	9839
3136	9840
3136	9841
3136	9842
3136	9843
3136	9844
3136	9845
3136	9846
3136	9847
3136	9848
3136	9849
3136	9850
3136	9851
3136	9852
3136	9853
3136	9854
3136	9855
3136	9856
3136	9857
3136	9858
3136	9859
3136	9860
3136	9861
3136	9862
3136	9863
3136	9864
3136	9865
3136	9866
3136	9867
3136	9868
3136	9869
3136	9870
3136	9871
3136	9872
3136	9873
3136	9874
3136	9875
3136	9876
3136	9877
3136	9878
3136	9879
3136	9880
3136	9017
3136	9881
3136	9882
3136	3734
3136	9883
3136	9884
3136	9885
3136	9886
3136	9887
3136	9888
3136	9889
3136	9890
3136	9891
3136	9892
3136	9893
3136	9894
3136	9895
3136	9896
3136	9897
3136	9898
3136	9899
3136	9900
3136	9901
3136	9902
3136	9903
3136	9904
3136	9905
3136	9906
3136	9907
3136	9908
3136	9909
3136	9910
3136	9911
3136	9912
3136	9913
3136	9914
3136	9915
3136	9916
3136	9917
3136	9918
3136	9919
3136	9920
3136	9921
3136	9922
3136	9923
3136	9924
3136	9925
3136	9926
3136	9927
3136	9928
3136	9929
3136	9930
3136	9931
3136	9932
3136	9933
3136	9934
3136	9935
3136	9936
3136	9937
3136	9938
3136	9939
3136	9940
3136	9941
3136	9942
3136	9943
3136	9944
3136	9945
3136	9946
3136	9947
3136	9948
3136	4774
3136	6691
3136	9949
3136	9950
3136	9951
3136	9952
3136	9953
3136	9954
3136	9955
3136	9956
1346	9957
1346	9958
1346	9959
1346	9960
1346	9961
1346	9962
1346	9963
1346	9964
1346	9965
1346	9966
1346	9967
1346	9968
1346	9969
1346	9970
1346	9971
1346	9972
1346	9973
1346	9974
1346	9975
1346	9976
1346	9977
1346	9978
1346	9979
1346	9980
1346	9981
1346	9982
1346	9983
1346	9984
1346	9985
1346	9986
1346	9987
1346	5854
1346	9988
1346	9989
1346	9990
1346	9991
1346	9992
1346	9993
1346	9994
1346	9995
1346	9996
1346	9997
1346	9998
1346	9999
1346	10000
1346	10001
1346	10002
1346	10003
1346	10004
1346	10005
1346	10006
1346	10007
1346	10008
1346	10009
1346	10010
1346	10011
1346	10012
1346	10013
1346	10014
1346	10015
1346	10016
1346	10017
1346	10018
1346	10019
1346	10020
1346	10021
1346	10022
1346	10023
1346	10024
1346	10025
1346	10026
1346	10027
1346	10028
1346	10029
1346	10030
1346	10031
1346	10032
1346	10033
1346	10034
1346	10035
1346	10036
1346	10037
1346	10038
1346	10039
1346	10040
1346	10041
1346	10042
1346	10043
1346	10044
1346	10045
1346	10046
1346	10047
1346	10048
1346	10049
1346	10050
1346	10051
1346	10052
1346	10053
1346	10054
1346	10055
1346	10056
1346	10057
1346	10058
1346	10059
1346	10060
1346	10061
1346	10062
1346	10063
1346	10064
1346	10065
1346	10066
1346	10067
1346	10068
1346	10069
1346	10070
1346	4775
1346	10071
1346	7085
1346	10072
1346	10073
1346	10074
1346	10075
1346	10076
1346	10077
1346	10078
1346	10079
1346	10080
1346	10081
1346	10082
1346	10083
1346	10084
1346	10085
1346	10086
1346	10087
1346	10088
1346	4561
1346	10089
1346	10090
1346	10091
1346	4861
1346	10092
1346	10093
1346	10094
1346	10095
1346	10096
1346	10097
1346	10098
1346	10099
1346	10100
1346	10101
1346	10102
1346	10103
1346	7190
1346	10104
1346	10105
1346	10106
1346	10107
1346	10108
1346	10109
1346	10110
1346	10111
1346	10112
1346	1967
1346	10113
1346	10114
1346	10115
1346	10116
1346	10117
1346	10118
1346	10119
1346	10120
1346	10121
1346	10122
1346	10123
1346	10124
1346	10125
1346	10126
1346	10127
1346	10128
1346	10129
1346	10130
1346	10131
1346	3495
1346	10132
1346	10133
1346	10134
1346	10135
1346	10136
1346	10137
1346	10138
1346	10139
1346	10140
1346	10141
1346	10142
1346	10143
1346	10144
1346	10145
1346	10146
1346	10147
1346	10148
1346	10149
1346	10150
1346	10151
1346	10152
1346	10153
1346	10154
1346	10155
1346	10156
1346	10157
1346	10158
1346	10159
1346	10160
1346	10161
1346	10162
1346	10163
1346	10164
1346	10165
1346	10166
1346	10167
1346	10168
1346	10169
1346	10170
1346	10171
1346	10172
1346	10173
1346	10174
1346	10175
1346	10176
1346	10177
1346	10178
1346	10179
1346	10180
1346	10181
1346	10182
1346	10183
1346	10184
1346	10185
1346	10186
1346	10187
1346	10188
1346	10189
1346	10190
1346	10191
1346	10192
1346	10193
1346	10194
1346	10195
1346	10196
1346	10197
1346	10198
1346	10199
1346	10200
1346	10201
1346	10202
1346	10203
1346	10204
1346	10205
1346	10206
1346	426
1346	10207
1346	10208
1346	10209
1346	10210
1346	10211
1346	10212
1346	10213
1346	10214
1346	10215
1346	10216
1346	10217
1346	10218
1346	10219
1346	10220
1346	10221
1346	10222
1346	10223
1346	10224
1346	10225
1346	10226
1346	10227
1346	2448
1346	10228
1346	10229
1346	10230
1346	683
1346	10231
1346	10232
1346	3165
1346	10233
1346	10234
1346	10235
1346	10236
1346	10237
1346	10238
1346	10239
1346	10240
1346	10241
1346	10242
1346	10243
1346	10244
1346	10245
1346	10246
1346	10247
1346	10248
1346	10249
1346	10250
1346	10251
1346	10252
1346	10253
1346	10254
1346	10255
1346	10256
1346	10257
1346	10258
1346	10259
1346	10260
1346	10261
1346	10262
1590	10263
1590	10264
1590	10265
1590	10266
1590	10267
1752	10268
1752	10269
1752	10270
1752	10271
1752	10272
1752	10273
1752	10274
1745	10275
1745	10276
1745	10277
1737	6909
1737	10278
1737	10279
1737	10280
1737	10281
1737	10282
1737	10283
1737	10284
1737	10285
1737	10286
1737	10287
1737	10288
1737	10289
1737	10290
1737	10291
1737	10292
1737	10293
1737	10294
1737	10295
1737	4953
1737	4971
1737	10296
1737	10297
1737	10298
1737	10299
1737	8035
1737	10300
1737	10301
1737	10302
1737	10303
1737	10304
1737	3249
1737	10305
1737	10306
1737	10307
1737	3846
1737	10308
1737	10309
1737	10310
1737	10311
1737	10312
1737	4564
1737	10313
1737	10314
1737	10315
1737	10316
1737	10317
1737	10318
1737	10319
1737	10320
1737	10321
1737	10322
1737	10323
1737	10324
1737	10325
1737	10326
1737	10327
1737	10328
1737	10329
1737	10330
1737	10331
1737	10332
1737	10333
1737	10334
1737	10335
1737	10336
1737	10337
1737	10338
1737	3553
1737	10339
1737	10340
1737	10341
1737	10342
1737	10343
1737	10344
1737	10345
1737	10346
1737	10347
1737	10348
1737	10349
1737	10350
1737	10351
1737	10352
1737	10353
1737	10354
1737	10355
1737	10356
1737	3299
1737	10357
1737	3455
1737	10358
1737	6299
1737	10359
1737	10360
1737	10361
1737	10362
1737	10363
1737	5637
1737	10364
1737	10365
1737	10366
1737	10367
1737	10368
1737	10369
1737	10370
1737	10371
1737	10372
1737	10373
1737	10374
1737	10375
1737	10376
1737	10377
1737	10378
1737	10379
1737	10380
1737	5992
1737	10381
1737	10382
1737	10383
1737	10384
1737	10385
1737	10386
1737	10387
1737	10388
1737	10389
1737	10390
1737	4277
1737	10391
1737	10392
1737	10393
1737	10394
1737	10395
1737	10396
1737	10397
1737	4004
1737	10398
1737	3326
1737	3325
1737	4928
1737	10399
1737	6545
1737	10400
1737	10401
1737	3573
1737	10402
1737	10403
1737	10404
1737	6392
1737	6457
1737	10405
1737	10406
1737	3309
1737	10407
1737	10408
1737	10409
1737	10410
1737	10411
1737	7283
1737	8059
1737	10412
1737	10413
1737	4093
1737	4029
1737	10414
1737	10415
1737	8917
1737	10416
1737	10417
1737	7203
1737	10418
1737	10419
1737	4468
1737	10420
1737	10421
1737	10422
1737	6669
1737	10423
1737	10424
1737	10425
1737	10426
1737	10427
1737	10428
1737	10429
1737	10430
1737	10431
1737	4456
1737	10432
1737	4555
1737	7103
1737	9029
1737	10433
1737	3344
1737	4948
1744	10434
1744	10435
1744	10436
1744	10437
1744	10438
1755	10439
1755	10440
1755	10441
1739	10442
1739	10443
1739	10444
1739	10445
1748	10446
1748	10447
1748	10448
1748	10449
1748	10450
1748	5973
1748	10451
1748	10452
1748	10453
1748	10454
1742	10455
1742	10456
1742	10457
1742	10458
1742	2284
1742	10459
1742	10460
1742	10461
1742	6199
1742	6201
1742	10462
1742	10463
1742	10464
1742	1372
1742	10465
1742	10466
1742	6212
1742	10467
1742	10468
1742	10469
1742	10470
1742	10471
1742	10472
1742	10473
1742	10474
1742	10475
1742	1691
1742	10476
1758	10477
1746	10478
1746	10479
1746	10480
1746	10481
1746	10482
1746	10483
1746	10484
1746	10485
1746	1670
1746	10486
1746	10487
1746	10488
1746	10489
1746	10490
1746	10491
1746	10492
1746	10493
1746	10494
1746	10495
1746	10496
1746	10497
1746	1209
1746	10498
1746	10499
1746	10500
1746	10501
1746	10502
1746	10503
1746	10504
1746	10505
1746	10506
